====================================================================================================
T1 电机模式 -> 实测角加速度 的符号一致性 (机体三轴)
====================================================================================================

--- session 2 (解锁 507 帧)
   x 绕前后轴(roll): 全解锁帧相关 +0.057; 大力矩帧 +0.144  (力矩>0 时实测角加速度均值 +0.00 rad/s², 力矩<0 时 +nan rad/s²)
   y 绕左右轴(pitch): 全解锁帧相关 +0.015; 大力矩帧 +0.026  (力矩>0 时实测角加速度均值 -0.00 rad/s², 力矩<0 时 +0.00 rad/s²)
   z 绕垂直轴(yaw): 全解锁帧相关 +0.000; 大力矩帧 +0.070  (力矩>0 时实测角加速度均值 -0.01 rad/s², 力矩<0 时 -0.02 rad/s²)

--- session 3 (解锁 1286 帧)
   x 绕前后轴(roll): 全解锁帧相关 +0.005; 大力矩帧 +0.004  (力矩>0 时实测角加速度均值 +0.01 rad/s², 力矩<0 时 +0.08 rad/s²)
   y 绕左右轴(pitch): 全解锁帧相关 +0.058; 大力矩帧 +0.084  (力矩>0 时实测角加速度均值 +0.03 rad/s², 力矩<0 时 -0.02 rad/s²)
   z 绕垂直轴(yaw): 全解锁帧相关 +0.003; 大力矩帧 +0.001  (力矩>0 时实测角加速度均值 -0.00 rad/s², 力矩<0 时 -0.03 rad/s²)

--- session 4 (解锁 697 帧)
   x 绕前后轴(roll): 全解锁帧相关 -0.001; 大力矩帧 +0.013  (力矩>0 时实测角加速度均值 -0.08 rad/s², 力矩<0 时 +0.03 rad/s²)
   y 绕左右轴(pitch): 全解锁帧相关 +0.001; 大力矩帧 -0.011  (力矩>0 时实测角加速度均值 +0.01 rad/s², 力矩<0 时 -0.01 rad/s²)
   z 绕垂直轴(yaw): 全解锁帧相关 +0.005; 大力矩帧 +0.027  (力矩>0 时实测角加速度均值 -0.01 rad/s², 力矩<0 时 -0.02 rad/s²)

--- session 5 (解锁 2191 帧)
   x 绕前后轴(roll): 全解锁帧相关 +0.001; 大力矩帧 -0.022  (力矩>0 时实测角加速度均值 +0.03 rad/s², 力矩<0 时 +0.12 rad/s²)
   y 绕左右轴(pitch): 全解锁帧相关 +0.036; 大力矩帧 +0.049  (力矩>0 时实测角加速度均值 +0.03 rad/s², 力矩<0 时 -0.07 rad/s²)
   z 绕垂直轴(yaw): 全解锁帧相关 +0.004; 大力矩帧 -0.017  (力矩>0 时实测角加速度均值 +0.01 rad/s², 力矩<0 时 -0.04 rad/s²)

====================================================================================================
T3 姿态估计偏差(加速度计当基准) —— 静态/准静态窗口
====================================================================================================
session 2: 准静态帧 2611 (100%), 实测重力在机体轴上的倾斜 = (+1.09°, -3.25°), 5~95 分位 x[+0.2,+1.7] y[-3.6,-2.6]
session 3: 准静态帧 3848 (85%), 实测重力在机体轴上的倾斜 = (+0.31°, -2.58°), 5~95 分位 x[-0.7,+2.2] y[-4.8,-0.2]
session 4: 准静态帧 3575 (92%), 实测重力在机体轴上的倾斜 = (+0.88°, -0.97°), 5~95 分位 x[-1.0,+4.1] y[-3.3,+1.2]
session 5: 准静态帧 4337 (73%), 实测重力在机体轴上的倾斜 = (+0.60°, -1.06°), 5~95 分位 x[-1.4,+2.6] y[-5.1,+1.2]
session 6: 准静态帧 1388 (82%), 实测重力在机体轴上的倾斜 = (-1.02°, -0.21°), 5~95 分位 x[-9.2,+0.1] y[-2.5,+10.9]
session 2:
   全段准静态  2611 帧: Δroll -0.01°, Δpitch -0.00°
   未解锁准静态  2104 帧: Δroll -0.01°, Δpitch -0.00°
   解锁中准静态   507 帧: Δroll -0.01°, Δpitch -0.00°
      解锁段   32.5~  42.6s: 准静态  507 帧  Δroll -0.01°  Δpitch -0.00°  (该段电机均值 376, 油门均值 0.172)
session 3:
   全段准静态  3857 帧: Δroll -0.00°, Δpitch -0.00°
   未解锁准静态  3243 帧: Δroll -0.00°, Δpitch -0.00°
   解锁中准静态   614 帧: Δroll +0.17°, Δpitch -0.09°
      解锁段   56.5~  82.2s: 准静态  614 帧  Δroll +0.17°  Δpitch -0.09°  (该段电机均值 455, 油门均值 0.214)
session 4:
   全段准静态  3590 帧: Δroll -0.01°, Δpitch +0.01°
   未解锁准静态  3113 帧: Δroll -0.00°, Δpitch +0.01°
   解锁中准静态   477 帧: Δroll -0.18°, Δpitch +0.09°
      解锁段   29.3~  43.3s: 准静态  477 帧  Δroll -0.18°  Δpitch +0.09°  (该段电机均值 384, 油门均值 0.176)
session 5:
   全段准静态  4396 帧: Δroll -0.00°, Δpitch +0.01°
   未解锁准静态  3728 帧: Δroll -0.00°, Δpitch +0.01°
   解锁中准静态   668 帧: Δroll +0.46°, Δpitch -0.03°
      解锁段   38.8~  82.6s: 准静态  668 帧  Δroll +0.46°  Δpitch -0.03°  (该段电机均值 512, 油门均值 0.243)
session 6:
   全段准静态  1410 帧: Δroll -0.00°, Δpitch -0.19°
   未解锁准静态  1410 帧: Δroll -0.00°, Δpitch -0.19°
   解锁中准静态     0 帧: Δroll   n/a°, Δpitch   n/a°

--- session 2 34~41s  (目标 roll/pitch = RC 给定期望, 基本为 0)
   t     roll   pitch | 目标R 目标P | 误差轴(ex,ey) 误差角 | 期望角速度 spx,spy | 实测 wx,wy | 力矩 tx,ty | 复算 spx,spy | 逻辑电机 M0左前/M1右前/M2右后/M3左后
  34.02  -1.80  -0.09 |  0.00  0.00 | +0.032,+0.002   1.8° | +0.09,+0.00 | -0.01,-0.01 | +0.030,+0.002 | +0.09,+0.00 | [357 360 349 348]  (a=1.00g)
  34.14  -1.78  -0.08 |  0.00  0.00 | +0.031,+0.001   1.8° | +0.09,+0.00 | +0.00,-0.02 | +0.026,+0.003 | +0.09,+0.00 | [395 397 386 388]  (a=1.01g)
  34.26  -1.76  -0.09 |  0.00  0.00 | +0.031,+0.002   1.8° | +0.09,+0.00 | -0.01,-0.02 | +0.029,+0.003 | +0.09,+0.00 | [391 402 390 383]  (a=1.01g)
  34.38  -1.78  -0.08 |  0.00  0.00 | +0.031,+0.001   1.8° | +0.09,+0.00 | -0.01,+0.03 | +0.031,-0.003 | +0.09,+0.00 | [441 428 419 429]  (a=1.01g)
  34.50  -1.80  -0.09 |  0.00  0.00 | +0.031,+0.002   1.8° | +0.09,+0.00 | +0.00,+0.01 | +0.028,-0.000 | +0.09,+0.00 | [440 429 419 430]  (a=1.00g)
  34.62  -1.78  -0.10 |  0.00  0.00 | +0.031,+0.002   1.8° | +0.09,+0.01 | +0.01,+0.00 | +0.025,+0.000 | +0.09,+0.01 | [439 428 419 431]  (a=1.00g)
  34.74  -1.75  -0.09 |  0.00  0.00 | +0.031,+0.002   1.8° | +0.09,+0.00 | +0.01,-0.00 | +0.026,+0.001 | +0.09,+0.00 | [468 476 466 460]  (a=1.01g)
  34.86  -1.80  -0.10 |  0.00  0.00 | +0.031,+0.002   1.8° | +0.09,+0.01 | +0.01,+0.00 | +0.028,+0.001 | +0.09,+0.01 | [472 473 463 463]  (a=1.00g)
  34.98  -1.78  -0.10 |  0.00  0.00 | +0.031,+0.002   1.8° | +0.09,+0.01 | +0.02,-0.01 | +0.025,+0.003 | +0.09,+0.01 | [482 462 452 474]  (a=1.00g)
  35.10  -1.78  -0.07 |  0.00  0.00 | +0.031,+0.001   1.8° | +0.09,+0.00 | +0.03,-0.01 | +0.023,+0.002 | +0.09,+0.00 | [517 502 493 510]  (a=1.01g)
  35.22  -1.77  -0.07 |  0.00  0.00 | +0.031,+0.001   1.8° | +0.09,+0.00 | -0.02,-0.00 | +0.036,+0.001 | +0.09,+0.00 | [516 507 494 505]  (a=1.01g)
  35.34  -1.77  -0.07 |  0.00  0.00 | +0.031,+0.001   1.8° | +0.09,+0.00 | -0.01,+0.00 | +0.035,+0.000 | +0.09,+0.00 | [528 495 483 516]  (a=1.00g)
  35.46  -1.78  -0.05 |  0.00  0.00 | +0.031,+0.001   1.8° | +0.09,+0.00 | +0.00,+0.05 | +0.032,-0.006 | +0.09,+0.00 | [523 499 491 509]  (a=1.00g)
  35.58  -1.78  -0.06 |  0.00  0.00 | +0.031,+0.001   1.8° | +0.09,+0.00 | -0.02,+0.03 | +0.038,-0.004 | +0.09,+0.00 | [524 500 489 509]  (a=1.00g)
  35.70  -1.78  -0.09 |  0.00  0.00 | +0.031,+0.002   1.8° | +0.09,+0.00 | -0.01,-0.01 | +0.035,+0.003 | +0.09,+0.00 | [523 500 487 512]  (a=1.00g)
  35.82  -1.74  -0.10 |  0.00  0.00 | +0.030,+0.002   1.7° | +0.09,+0.01 | +0.00,-0.01 | +0.033,+0.003 | +0.09,+0.01 | [518 504 492 508]  (a=1.00g)
  35.94  -1.75  -0.09 |  0.00  0.00 | +0.031,+0.002   1.8° | +0.09,+0.00 | -0.00,+0.04 | +0.035,-0.005 | +0.09,+0.00 | [521 502 492 507]  (a=1.00g)
  36.06  -1.74  -0.09 |  0.00  0.00 | +0.030,+0.002   1.7° | +0.09,+0.00 | +0.01,+0.04 | +0.031,-0.004 | +0.09,+0.00 | [517 504 496 504]  (a=1.01g)
  36.18  -1.73  -0.08 |  0.00  0.00 | +0.030,+0.001   1.7° | +0.09,+0.00 | -0.01,+0.00 | +0.037,+0.001 | +0.09,+0.00 | [486 461 449 474]  (a=1.00g)
  36.30  -1.74  -0.08 |  0.00  0.00 | +0.030,+0.001   1.7° | +0.09,+0.00 | -0.01,-0.02 | +0.038,+0.003 | +0.09,+0.00 | [471 476 462 460]  (a=1.00g)
  36.42  -1.75  -0.10 |  0.00  0.00 | +0.030,+0.002   1.7° | +0.09,+0.01 | +0.01,+0.05 | +0.034,-0.006 | +0.09,+0.01 | [483 464 455 469]  (a=1.00g)
  36.54  -1.73  -0.11 |  0.00  0.00 | +0.030,+0.002   1.7° | +0.09,+0.01 | +0.00,-0.02 | +0.036,+0.003 | +0.09,+0.01 | [490 457 443 480]  (a=1.00g)
  36.66  -1.74  -0.10 |  0.00  0.00 | +0.030,+0.002   1.7° | +0.09,+0.01 | -0.02,+0.00 | +0.042,+0.001 | +0.09,+0.01 | [433 440 425 419]  (a=1.00g)
  36.78  -1.73  -0.10 |  0.00  0.00 | +0.030,+0.002   1.7° | +0.09,+0.01 | -0.01,-0.01 | +0.039,+0.003 | +0.09,+0.01 | [403 393 378 391]  (a=1.00g)
  36.90  -1.75  -0.08 |  0.00  0.00 | +0.031,+0.001   1.7° | +0.09,+0.00 | +0.03,+0.02 | +0.031,-0.001 | +0.09,+0.00 | [406 387 377 395]  (a=1.00g)
  37.02  -1.75  -0.10 |  0.00  0.00 | +0.031,+0.002   1.8° | +0.09,+0.01 | +0.03,+0.00 | +0.031,+0.001 | +0.09,+0.01 | [371 346 335 361]  (a=1.00g)
  37.14  -1.76  -0.09 |  0.00  0.00 | +0.031,+0.002   1.8° | +0.09,+0.00 | -0.03,-0.01 | +0.045,+0.003 | +0.09,+0.00 | [365 357 341 351]  (a=1.00g)
  37.26  -1.75  -0.10 |  0.00  0.00 | +0.031,+0.002   1.8° | +0.09,+0.01 | -0.01,+0.01 | +0.042,+0.000 | +0.09,+0.01 | [366 355 341 352]  (a=1.00g)
  37.38  -1.78  -0.08 |  0.00  0.00 | +0.031,+0.001   1.8° | +0.09,+0.00 | -0.01,-0.01 | +0.042,+0.002 | +0.09,+0.00 | [372 349 334 359]  (a=1.00g)
  37.50  -1.79  -0.09 |  0.00  0.00 | +0.031,+0.001   1.8° | +0.09,+0.00 | +0.00,-0.03 | +0.041,+0.004 | +0.09,+0.00 | [366 355 339 354]  (a=1.00g)
  37.62  -1.80  -0.10 |  0.00  0.00 | +0.031,+0.002   1.8° | +0.09,+0.01 | +0.00,-0.00 | +0.041,+0.002 | +0.09,+0.01 | [367 354 340 353]  (a=1.00g)
  37.74  -1.79  -0.11 |  0.00  0.00 | +0.031,+0.002   1.8° | +0.09,+0.01 | +0.02,-0.02 | +0.037,+0.004 | +0.09,+0.01 | [367 353 338 356]  (a=1.01g)
  37.86  -1.81  -0.11 |  0.00  0.00 | +0.032,+0.002   1.8° | +0.09,+0.01 | -0.01,-0.05 | +0.046,+0.008 | +0.09,+0.01 | [367 356 336 355]  (a=1.00g)
  37.98  -1.78  -0.11 |  0.00  0.00 | +0.031,+0.002   1.8° | +0.09,+0.01 | -0.01,-0.07 | +0.046,+0.009 | +0.09,+0.01 | [359 364 344 348]  (a=1.00g)
  38.10  -1.78  -0.09 |  0.00  0.00 | +0.031,+0.002   1.8° | +0.09,+0.00 | -0.01,-0.00 | +0.045,+0.002 | +0.09,+0.00 | [369 353 337 355]  (a=1.00g)
  38.22  -1.80  -0.12 |  0.00  0.00 | +0.031,+0.002   1.8° | +0.09,+0.01 | +0.01,+0.00 | +0.041,+0.001 | +0.09,+0.01 | [375 346 332 361]  (a=1.01g)
  38.34  -1.79  -0.12 |  0.00  0.00 | +0.031,+0.002   1.8° | +0.09,+0.01 | +0.00,+0.00 | +0.045,+0.001 | +0.09,+0.01 | [378 345 329 363]  (a=1.01g)
  38.46  -1.79  -0.12 |  0.00  0.00 | +0.031,+0.002   1.8° | +0.09,+0.01 | -0.00,-0.01 | +0.046,+0.003 | +0.09,+0.01 | [365 358 341 350]  (a=1.00g)
  38.58  -1.78  -0.09 |  0.00  0.00 | +0.031,+0.002   1.8° | +0.09,+0.00 | -0.01,+0.02 | +0.048,-0.002 | +0.09,+0.00 | [367 356 341 350]  (a=1.00g)
  38.70  -1.76  -0.10 |  0.00  0.00 | +0.031,+0.002   1.8° | +0.09,+0.01 | -0.01,-0.02 | +0.049,+0.004 | +0.09,+0.01 | [370 354 335 355]  (a=1.00g)
  38.82  -1.76  -0.11 |  0.00  0.00 | +0.031,+0.002   1.8° | +0.09,+0.01 | +0.01,+0.01 | +0.044,-0.000 | +0.09,+0.01 | [363 359 344 348]  (a=1.00g)
  38.94  -1.77  -0.12 |  0.00  0.00 | +0.031,+0.002   1.8° | +0.09,+0.01 | +0.00,+0.01 | +0.047,-0.001 | +0.09,+0.01 | [376 348 332 359]  (a=1.00g)
  39.06  -1.77  -0.10 |  0.00  0.00 | +0.031,+0.002   1.8° | +0.09,+0.01 | -0.01,-0.02 | +0.051,+0.003 | +0.09,+0.01 | [369 356 337 353]  (a=1.00g)
  39.18  -1.76  -0.13 |  0.00  0.00 | +0.031,+0.002   1.8° | +0.09,+0.01 | +0.00,-0.01 | +0.047,+0.002 | +0.09,+0.01 | [375 348 331 360]  (a=1.00g)
  39.30  -1.80  -0.10 |  0.00  0.00 | +0.031,+0.002   1.8° | +0.09,+0.01 | -0.00,+0.01 | +0.050,-0.000 | +0.09,+0.01 | [374 350 333 357]  (a=1.00g)
  39.42  -1.77  -0.10 |  0.00  0.00 | +0.031,+0.002   1.8° | +0.09,+0.01 | +0.03,+0.01 | +0.043,-0.000 | +0.09,+0.01 | [380 341 327 365]  (a=1.00g)
  39.54  -1.77  -0.11 |  0.00  0.00 | +0.031,+0.002   1.8° | +0.09,+0.01 | +0.01,+0.02 | +0.046,-0.001 | +0.09,+0.01 | [366 356 341 350]  (a=1.00g)
  39.66  -1.75  -0.09 |  0.00  0.00 | +0.031,+0.002   1.7° | +0.09,+0.00 | +0.01,-0.01 | +0.046,+0.003 | +0.09,+0.00 | [367 356 339 352]  (a=1.00g)
  39.78  -1.79  -0.09 |  0.00  0.00 | +0.031,+0.002   1.8° | +0.09,+0.00 | -0.01,-0.03 | +0.053,+0.006 | +0.09,+0.00 | [362 363 342 347]  (a=1.00g)
  39.90  -1.78  -0.10 |  0.00  0.00 | +0.031,+0.002   1.8° | +0.09,+0.01 | +0.03,-0.02 | +0.045,+0.004 | +0.09,+0.01 | [372 350 333 359]  (a=1.00g)
  40.02  -1.80  -0.10 |  0.00  0.00 | +0.031,+0.002   1.8° | +0.09,+0.01 | -0.00,+0.04 | +0.052,-0.004 | +0.09,+0.01 | [376 349 333 356]  (a=1.00g)
  40.14  -1.78  -0.11 |  0.00  0.00 | +0.031,+0.002   1.8° | +0.09,+0.01 | +0.01,-0.02 | +0.051,+0.004 | +0.09,+0.01 | [374 350 331 359]  (a=1.00g)
  40.26  -1.77  -0.09 |  0.00  0.00 | +0.031,+0.002   1.8° | +0.09,+0.00 | +0.01,-0.00 | +0.050,+0.002 | +0.09,+0.00 | [354 370 352 338]  (a=1.00g)
  40.38  -1.78  -0.09 |  0.00  0.00 | +0.031,+0.002   1.8° | +0.09,+0.00 | -0.03,-0.00 | +0.060,+0.002 | +0.09,+0.00 | [373 355 334 353]  (a=1.00g)
  40.50  -1.79  -0.09 |  0.00 -12.48 | +0.190,-0.147  13.8° | +0.57,-0.44 | +0.03,+0.02 | +0.150,-0.051 | +0.57,-0.44 | [407 351 324 331]  (a=1.00g)
  40.62  -1.78  -0.08 |  0.00 -0.80 | +0.041,-0.008   2.4° | +0.12,-0.02 | +0.01,+0.03 | +0.061,-0.007 | +0.12,-0.02 | [371 357 340 346]  (a=1.00g)
  40.74  -1.80  -0.07 |  0.00  0.00 | +0.031,+0.001   1.8° | +0.09,+0.00 | -0.04,+0.03 | +0.068,-0.004 | +0.09,+0.00 | [393 338 316 367]  (a=1.00g)
  40.86  -1.79  -0.10 |  0.00  0.00 | +0.031,+0.002   1.8° | +0.09,+0.01 | -0.01,+0.00 | +0.061,-0.000 | +0.09,+0.01 | [380 348 327 359]  (a=1.00g)
  40.98  -1.79  -0.11 |  0.00  0.00 | +0.031,+0.002   1.8° | +0.09,+0.01 | -0.01,+0.02 | +0.061,-0.002 | +0.09,+0.01 | [374 353 334 353]  (a=1.00g)

--- session 3 66~73s  (目标 roll/pitch = RC 给定期望, 基本为 0)
   t     roll   pitch | 目标R 目标P | 误差轴(ex,ey) 误差角 | 期望角速度 spx,spy | 实测 wx,wy | 力矩 tx,ty | 复算 spx,spy | 逻辑电机 M0左前/M1右前/M2右后/M3左后
  65.86  -1.31   0.02 |  0.00  0.00 | +0.023,-0.000   1.3° | +0.07,-0.00 | +0.13,+0.06 | +0.009,-0.007 | +0.07,-0.00 | [477 461 461 471]  (a=1.09g)
  65.98  -1.42   0.22 |  0.00  0.00 | +0.025,-0.004   1.4° | +0.07,-0.01 | -0.10,+0.07 | +0.068,-0.008 | +0.07,-0.01 | [502 456 437 475]  (a=0.95g)
  66.10  -1.23  -0.37 |  0.00  0.00 | +0.021,+0.006   1.3° | +0.06,+0.02 | +0.05,+0.22 | +0.028,-0.025 | +0.06,+0.02 | [504 441 443 482]  (a=1.10g)
  66.22  -1.32  -0.31 |  0.00  0.00 | +0.023,+0.005   1.4° | +0.07,+0.02 | -0.15,-0.22 | +0.078,+0.031 | +0.07,+0.02 | [473 489 447 461]  (a=0.84g)
  66.34  -1.39  -0.35 |  0.00  0.00 | +0.024,+0.006   1.4° | +0.07,+0.02 | +0.21,+0.13 | -0.009,-0.014 | +0.07,+0.02 | [479 453 463 475]  (a=1.12g)
  66.46  -1.49  -0.27 |  0.00  0.00 | +0.026,+0.005   1.5° | +0.08,+0.01 | -0.25,-0.11 | +0.107,+0.018 | +0.08,+0.01 | [494 477 432 466]  (a=0.90g)
  66.58  -1.16  -0.46 |  0.00  0.00 | +0.020,+0.008   1.3° | +0.06,+0.02 | +0.20,+0.05 | -0.008,-0.003 | +0.06,+0.02 | [491 442 446 492]  (a=1.18g)
  66.70  -1.19  -0.87 |  0.00  0.00 | +0.021,+0.015   1.5° | +0.06,+0.05 | -0.17,-0.37 | +0.084,+0.054 | +0.06,+0.05 | [470 494 439 467]  (a=0.81g)
  66.82  -1.62  -0.17 |  0.00  0.00 | +0.028,+0.003   1.6° | +0.08,+0.01 | +0.28,-0.01 | -0.021,+0.004 | +0.08,+0.01 | [478 450 455 487]  (a=1.22g)
  66.94  -1.19  -0.74 |  0.00  0.00 | +0.021,+0.013   1.4° | +0.06,+0.04 | -0.32,-0.40 | +0.120,+0.057 | +0.06,+0.04 | [500 476 407 487]  (a=0.86g)
  67.06  -1.18  -0.88 |  0.00  0.00 | +0.021,+0.015   1.5° | +0.06,+0.05 | +0.22,-0.20 | -0.010,+0.032 | +0.06,+0.05 | [479 453 441 498]  (a=1.13g)
  67.18  -1.47  -1.09 |  0.00  0.00 | +0.026,+0.019   1.8° | +0.08,+0.06 | -0.21,-0.08 | +0.098,+0.019 | +0.08,+0.06 | [482 487 444 457]  (a=0.88g)
  67.30  -1.47  -0.46 |  0.00  0.00 | +0.026,+0.008   1.5° | +0.08,+0.02 | +0.19,+0.13 | +0.001,-0.012 | +0.08,+0.02 | [489 446 451 483]  (a=1.19g)
  67.42  -1.56  -1.91 |  0.00  0.00 | +0.027,+0.033   2.5° | +0.08,+0.10 | -0.25,-0.29 | +0.108,+0.050 | +0.08,+0.10 | [535 513 452 522]  (a=0.88g)
  67.54  -1.45  -1.29 |  0.00  0.00 | +0.025,+0.023   1.9° | +0.08,+0.07 | -0.01,-0.26 | +0.050,+0.043 | +0.08,+0.07 | [495 533 496 498]  (a=0.73g)
  67.66  -2.85  -0.89 |  0.00  0.00 | +0.050,+0.016   3.0° | +0.15,+0.05 | -0.14,-0.54 | +0.099,+0.077 | +0.15,+0.05 | [528 517 446 531]  (a=0.78g)
  67.78  -3.34  -1.19 |  0.00  0.00 | +0.058,+0.021   3.5° | +0.17,+0.06 | -0.27,-0.35 | +0.134,+0.054 | +0.17,+0.06 | [533 524 452 513]  (a=0.88g)
  67.90  -4.98  -2.08 |  0.00  0.00 | +0.087,+0.036   5.4° | +0.26,+0.11 | +0.14,+0.05 | +0.055,+0.007 | +0.26,+0.11 | [532 498 475 517]  (a=1.34g)
  68.02  -3.95  -2.03 |  0.00  0.00 | +0.069,+0.035   4.4° | +0.21,+0.11 | +0.15,+0.30 | +0.043,-0.023 | +0.21,+0.11 | [542 484 480 516]  (a=1.35g)
  68.14  -5.71  -1.96 |  0.00  0.00 | +0.100,+0.034   6.0° | +0.30,+0.10 | -0.22,+0.13 | +0.153,-0.001 | +0.30,+0.10 | [546 517 466 493]  (a=1.02g)
  68.26  -6.53  -2.16 |  0.00  0.00 | +0.114,+0.038   6.9° | +0.34,+0.11 | -0.17,-0.55 | +0.150,+0.086 | +0.34,+0.11 | [504 558 466 494]  (a=0.79g)
  68.42  -8.11  -2.46 |  0.00  0.00 | +0.141,+0.043   8.5° | +0.42,+0.13 | +0.16,+0.17 | +0.092,-0.004 | +0.42,+0.13 | [553 490 460 520]  (a=1.22g)
  68.50  -8.96  -2.58 |  0.00  0.00 | +0.156,+0.045   9.3° | +0.47,+0.14 | -0.02,+0.50 | +0.150,-0.044 | +0.47,+0.14 | [546 517 486 473]  (a=1.03g)
  68.62  -9.71  -2.41 |  0.00  0.00 | +0.169,+0.042  10.0° | +0.51,+0.13 | -0.05,-0.42 | +0.163,+0.072 | +0.51,+0.13 | [513 554 464 491]  (a=0.85g)
  68.74  -9.32  -1.99 |  0.00  0.00 | +0.162,+0.035   9.5° | +0.49,+0.10 | +0.12,+0.46 | +0.121,-0.042 | +0.49,+0.10 | [546 506 485 485]  (a=1.19g)
  68.86 -10.31  -2.72 |  0.00  0.00 | +0.179,+0.048  10.7° | +0.54,+0.14 | -0.08,-0.07 | +0.184,+0.031 | +0.54,+0.14 | [520 554 476 472]  (a=0.85g)
  68.98 -10.30  -3.36 |  0.00  0.00 | +0.179,+0.059  10.8° | +0.54,+0.18 | -0.05,-0.04 | +0.178,+0.031 | +0.54,+0.18 | [563 509 433 517]  (a=1.35g)
  69.10 -10.41  -2.75 |  0.00  0.00 | +0.181,+0.048  10.8° | +0.54,+0.14 | -0.11,+0.08 | +0.200,+0.013 | +0.54,+0.14 | [552 527 453 490]  (a=0.78g)
  69.22 -10.52  -3.53 |  0.00  0.00 | +0.183,+0.062  11.1° | +0.55,+0.19 | -0.05,+0.02 | +0.187,+0.024 | +0.55,+0.19 | [554 521 446 501]  (a=1.40g)
  69.34 -10.88  -3.77 |  0.00  0.00 | +0.189,+0.066  11.5° | +0.57,+0.20 | +0.00,-0.37 | +0.184,+0.078 | +0.57,+0.20 | [532 542 441 507]  (a=0.81g)
  69.46 -10.18  -3.93 |  0.00  0.00 | +0.177,+0.069  10.9° | +0.53,+0.21 | -0.03,+0.09 | +0.186,+0.018 | +0.53,+0.21 | [546 529 456 491]  (a=1.47g)
  69.58 -10.06  -2.68 |  0.00  0.00 | +0.175,+0.047  10.4° | +0.53,+0.14 | -0.11,-0.32 | +0.206,+0.066 | +0.53,+0.14 | [545 536 434 506]  (a=0.85g)
  69.70 -10.47  -2.47 |  0.00  0.00 | +0.182,+0.043  10.8° | +0.55,+0.13 | +0.30,+0.06 | +0.114,+0.014 | +0.55,+0.13 | [541 509 463 509]  (a=1.26g)
  69.82  -9.55  -2.08 |  0.00  0.00 | +0.166,+0.036   9.8° | +0.50,+0.11 | -0.25,-0.32 | +0.240,+0.063 | +0.50,+0.11 | [548 545 433 496]  (a=0.78g)
  69.94  -6.90  -1.30 |  0.00  0.00 | +0.120,+0.023   7.0° | +0.36,+0.07 | -0.04,+0.47 | +0.166,-0.042 | +0.36,+0.07 | [603 541 504 526]  (a=1.14g)
  70.06  -9.34  -0.65 |  0.00  0.00 | +0.163,+0.011   9.4° | +0.49,+0.03 | +0.07,+0.35 | +0.167,-0.031 | +0.49,+0.03 | [614 530 488 542]  (a=1.20g)
  70.18 -12.18  -1.42 |  0.00  0.00 | +0.212,+0.025  12.3° | +0.64,+0.07 | +0.40,+0.19 | +0.120,-0.006 | +0.64,+0.07 | [590 538 500 546]  (a=1.06g)
  70.30  -9.54  -0.06 |  0.00  0.00 | +0.166,+0.001   9.5° | +0.50,+0.00 | -0.22,-0.13 | +0.245,+0.027 | +0.50,+0.00 | [610 561 464 539]  (a=0.93g)
  70.42  -8.97  -1.00 |  0.00  0.00 | +0.156,+0.017   9.0° | +0.47,+0.05 | -0.12,+0.05 | +0.219,+0.010 | +0.47,+0.05 | [593 569 489 523]  (a=0.86g)
  70.54 -10.59  -1.52 |  0.00  0.00 | +0.185,+0.027  10.7° | +0.55,+0.08 | -0.01,-0.18 | +0.213,+0.043 | +0.55,+0.08 | [570 590 496 518]  (a=0.82g)
  70.66  -8.86  -1.61 |  0.00  0.00 | +0.154,+0.028   9.0° | +0.46,+0.08 | +0.03,-0.39 | +0.185,+0.071 | +0.46,+0.08 | [554 596 499 525]  (a=0.78g)
  70.78  -7.20  -0.63 |  0.00  0.00 | +0.126,+0.011   7.2° | +0.38,+0.03 | -0.08,-0.12 | +0.197,+0.029 | +0.38,+0.03 | [581 573 491 528]  (a=0.87g)
  70.90  -5.85  -0.75 |  0.00  0.00 | +0.102,+0.013   5.9° | +0.31,+0.04 | -0.21,-0.26 | +0.216,+0.049 | +0.31,+0.04 | [592 569 472 542]  (a=0.83g)
  71.02  -6.20  -1.29 |  0.00  0.00 | +0.108,+0.023   6.3° | +0.32,+0.07 | +0.03,-0.14 | +0.164,+0.036 | +0.32,+0.07 | [622 597 524 583]  (a=1.26g)
  71.14  -5.51  -0.98 |  0.00  0.00 | +0.096,+0.017   5.6° | +0.29,+0.05 | -0.17,+0.02 | +0.206,+0.015 | +0.29,+0.05 | [613 620 543 550]  (a=0.80g)
  71.26  -6.17  -1.12 |  0.00  0.00 | +0.108,+0.019   6.3° | +0.32,+0.06 | -0.14,+0.00 | +0.206,+0.017 | +0.32,+0.06 | [635 599 520 572]  (a=1.40g)
  71.38  -7.89  -1.78 |  0.00  0.00 | +0.138,+0.031   8.1° | +0.41,+0.09 | -0.29,-0.15 | +0.265,+0.041 | +0.41,+0.09 | [651 679 569 580]  (a=0.88g)
  71.50  -6.56  -0.46 |  0.00  0.00 | +0.114,+0.008   6.6° | +0.34,+0.02 | -0.11,+0.20 | +0.209,-0.009 | +0.34,+0.02 | [664 646 579 589]  (a=0.81g)
  71.62  -5.52   0.31 |  0.00  0.00 | +0.096,-0.005   5.5° | +0.29,-0.02 | +0.45,+0.26 | +0.062,-0.024 | +0.29,-0.02 | [634 626 616 602]  (a=1.03g)
  71.74  -4.65   1.28 |  0.00  0.00 | +0.081,-0.022   4.8° | +0.24,-0.07 | +0.39,-0.02 | +0.069,+0.006 | +0.24,-0.07 | [644 618 592 623]  (a=1.45g)
  71.86  -3.62   1.51 |  0.00  0.00 | +0.063,-0.026   3.9° | +0.19,-0.08 | -0.06,+0.03 | +0.167,-0.003 | +0.19,-0.08 | [664 632 576 606]  (a=1.22g)
  71.98  -3.70   1.25 |  0.00  0.00 | +0.065,-0.022   3.9° | +0.19,-0.07 | +0.27,+0.04 | +0.090,-0.003 | +0.19,-0.07 | [671 599 570 638]  (a=1.07g)
  72.10  -4.08   1.39 |  0.00  0.00 | +0.071,-0.024   4.3° | +0.21,-0.07 | -0.20,-0.00 | +0.207,+0.002 | +0.21,-0.07 | [658 652 580 588]  (a=0.79g)
  72.22  -3.27   2.16 |  0.00  0.00 | +0.057,-0.038   3.9° | +0.17,-0.11 | +0.03,-0.04 | +0.145,+0.001 | +0.17,-0.11 | [654 634 584 605]  (a=0.78g)
  72.34  -5.95   2.41 |  0.00  0.00 | +0.104,-0.042   6.4° | +0.31,-0.13 | -0.36,+0.62 | +0.271,-0.080 | +0.31,-0.13 | [755 652 598 624]  (a=1.56g)
  72.46  -6.44   6.02 |  0.00  0.00 | +0.112,-0.105   8.8° | +0.34,-0.32 | +0.39,+0.48 | +0.096,-0.079 | +0.34,-0.32 | [703 645 650 632]  (a=0.72g)
  72.58  -4.73   9.07 |  0.00  0.00 | +0.082,-0.158  10.2° | +0.25,-0.47 | -0.02,+0.29 | +0.177,-0.083 | +0.25,-0.47 | [750 626 605 650]  (a=1.38g)
  72.70  -5.15   9.01 |  0.00  0.00 | +0.089,-0.157  10.4° | +0.27,-0.47 | +0.14,-0.04 | +0.145,-0.048 | +0.27,-0.47 | [697 667 641 625]  (a=0.84g)
  72.82  -7.33   8.03 |  0.00  0.00 | +0.127,-0.140  10.9° | +0.38,-0.42 | -0.05,+0.29 | +0.217,-0.083 | +0.38,-0.42 | [760 629 595 646]  (a=1.43g)

--- session 4 33~40s  (目标 roll/pitch = RC 给定期望, 基本为 0)
   t     roll   pitch | 目标R 目标P | 误差轴(ex,ey) 误差角 | 期望角速度 spx,spy | 实测 wx,wy | 力矩 tx,ty | 复算 spx,spy | 逻辑电机 M0左前/M1右前/M2右后/M3左后
  32.80  -0.53  -0.32 |  0.00  0.00 | +0.009,+0.006   0.6° | +0.03,+0.02 | -0.03,-0.25 | +0.018,+0.035 | +0.03,+0.02 | [331 306 283 341]  (a=1.02g)
  32.92  -0.62  -0.29 |  0.00  0.00 | +0.011,+0.005   0.7° | +0.03,+0.02 | +0.03,-0.04 | +0.004,+0.008 | +0.03,+0.02 | [314 319 314 316]  (a=1.02g)
  33.04  -0.44  -0.64 |  0.00  0.00 | +0.008,+0.011   0.8° | +0.02,+0.03 | +0.14,+0.10 | -0.025,-0.009 | +0.02,+0.03 | [313 309 322 317]  (a=1.08g)
  33.16  -0.51  -0.26 |  0.00  0.00 | +0.009,+0.005   0.6° | +0.03,+0.01 | +0.01,-0.19 | +0.007,+0.028 | +0.03,+0.01 | [321 313 297 331]  (a=0.99g)
  33.28  -0.60  -0.37 |  0.00  0.00 | +0.010,+0.006   0.7° | +0.03,+0.02 | -0.06,+0.22 | +0.026,-0.024 | +0.03,+0.02 | [361 355 357 341]  (a=1.04g)
  33.40  -0.55  -0.26 |  0.00  0.00 | +0.010,+0.005   0.6° | +0.03,+0.01 | +0.04,-0.03 | +0.002,+0.007 | +0.03,+0.01 | [358 350 346 361]  (a=1.08g)
  33.52  -0.85  -0.22 |  0.00  0.00 | +0.015,+0.004   0.9° | +0.04,+0.01 | +0.10,-0.14 | -0.010,+0.021 | +0.04,+0.01 | [353 351 344 366]  (a=0.94g)
  33.64  -0.89  -0.24 |  0.00  0.00 | +0.016,+0.004   0.9° | +0.05,+0.01 | -0.10,+0.05 | +0.040,-0.003 | +0.05,+0.01 | [365 356 344 349]  (a=0.96g)
  33.76  -0.96  -0.04 |  0.00  0.00 | +0.017,+0.001   1.0° | +0.05,+0.00 | +0.06,-0.05 | +0.004,+0.008 | +0.05,+0.00 | [345 363 358 348]  (a=0.91g)
  33.88  -0.56  -0.16 |  0.00  0.00 | +0.010,+0.003   0.6° | +0.03,+0.01 | -0.05,+0.24 | +0.025,-0.028 | +0.03,+0.01 | [367 348 353 345]  (a=1.15g)
  34.00  -0.34  -0.01 |  0.00  0.00 | +0.006,+0.000   0.3° | +0.02,+0.00 | +0.11,+0.07 | -0.017,-0.008 | +0.02,+0.00 | [348 353 363 350]  (a=0.92g)
  34.12  -0.66  -0.20 |  0.00  0.00 | +0.011,+0.003   0.7° | +0.03,+0.01 | +0.25,+0.07 | -0.046,-0.006 | +0.03,+0.01 | [353 338 357 366]  (a=1.00g)
  34.24  -1.11  -0.08 |  0.00  0.00 | +0.019,+0.001   1.1° | +0.06,+0.00 | +0.12,+0.13 | -0.009,-0.014 | +0.06,+0.00 | [355 349 359 351]  (a=1.03g)
  34.36  -1.04  -0.38 |  0.00  0.00 | +0.018,+0.007   1.1° | +0.05,+0.02 | +0.12,+0.12 | -0.010,-0.012 | +0.05,+0.02 | [346 358 367 343]  (a=1.00g)
  34.48  -0.92  -0.52 |  0.00  0.00 | +0.016,+0.009   1.0° | +0.05,+0.03 | +0.06,+0.12 | +0.003,-0.010 | +0.05,+0.03 | [363 345 349 357]  (a=0.96g)
  34.60  -1.18  -0.28 |  0.00  0.00 | +0.021,+0.005   1.2° | +0.06,+0.01 | +0.13,-0.24 | -0.010,+0.034 | +0.06,+0.01 | [353 351 338 373]  (a=0.96g)
  34.72  -0.87  -0.39 |  0.00  0.00 | +0.015,+0.007   0.9° | +0.05,+0.02 | -0.14,-0.14 | +0.053,+0.022 | +0.05,+0.02 | [423 378 350 415]  (a=1.08g)
  34.84  -0.72  -0.37 |  0.00  0.00 | +0.013,+0.006   0.8° | +0.04,+0.02 | -0.09,-0.19 | +0.039,+0.028 | +0.04,+0.02 | [415 381 355 415]  (a=1.00g)
  34.96  -0.47  -0.64 |  0.00  0.00 | +0.008,+0.011   0.8° | +0.02,+0.03 | -0.25,-0.15 | +0.074,+0.025 | +0.02,+0.03 | [428 380 343 415]  (a=0.90g)
  35.08  -0.43  -0.78 |  0.00  0.00 | +0.008,+0.014   0.9° | +0.02,+0.04 | -0.12,-0.24 | +0.043,+0.037 | +0.02,+0.04 | [415 383 350 418]  (a=0.94g)
  35.20  -0.61  -0.97 |  0.00  0.00 | +0.011,+0.017   1.1° | +0.03,+0.05 | +0.03,-0.09 | +0.008,+0.019 | +0.03,+0.05 | [396 390 378 402]  (a=1.06g)
  35.32  -0.39  -0.69 |  0.00  0.00 | +0.007,+0.012   0.8° | +0.02,+0.04 | -0.07,-0.04 | +0.031,+0.012 | +0.02,+0.04 | [417 376 360 412]  (a=1.07g)
  35.44  -0.23  -0.81 |  0.00  0.00 | +0.004,+0.014   0.8° | +0.01,+0.04 | -0.09,-0.09 | +0.033,+0.019 | +0.01,+0.04 | [409 385 365 407]  (a=1.03g)
  35.56  -0.33  -1.17 |  0.00  0.00 | +0.006,+0.020   1.2° | +0.02,+0.06 | -0.07,+0.14 | +0.031,-0.008 | +0.02,+0.06 | [405 388 382 391]  (a=0.86g)
  35.68  -0.48  -1.09 |  0.00  0.00 | +0.008,+0.019   1.2° | +0.03,+0.06 | -0.07,+0.03 | +0.030,+0.005 | +0.03,+0.06 | [408 385 373 400]  (a=0.94g)
  35.80  -0.75  -0.84 |  0.00  0.00 | +0.013,+0.015   1.1° | +0.04,+0.04 | -0.07,-0.03 | +0.035,+0.011 | +0.04,+0.04 | [405 390 373 398]  (a=1.12g)
  35.92  -0.41  -0.63 |  0.00  0.00 | +0.007,+0.011   0.7° | +0.02,+0.03 | +0.12,-0.17 | -0.015,+0.028 | +0.02,+0.03 | [381 397 388 400]  (a=1.09g)
  36.04  -0.57  -0.71 |  0.00  0.00 | +0.010,+0.012   0.9° | +0.03,+0.04 | +0.09,-0.07 | -0.006,+0.016 | +0.03,+0.04 | [402 379 373 412]  (a=0.99g)
  36.16  -0.15  -1.28 |  0.00  0.00 | +0.003,+0.022   1.3° | +0.01,+0.07 | -0.04,-0.18 | +0.021,+0.033 | +0.01,+0.07 | [407 383 360 416]  (a=0.87g)
  36.28  -0.15  -1.14 |  0.00  0.00 | +0.003,+0.020   1.1° | +0.01,+0.06 | +0.00,+0.13 | +0.011,-0.007 | +0.01,+0.06 | [385 402 401 378]  (a=0.96g)
  36.40  -0.26  -1.07 |  0.00  0.00 | +0.005,+0.019   1.1° | +0.01,+0.06 | +0.04,-0.06 | +0.004,+0.018 | +0.01,+0.06 | [399 385 375 407]  (a=1.12g)
  36.52  -0.03  -0.87 |  0.00  0.00 | +0.001,+0.015   0.9° | +0.00,+0.05 | -0.14,+0.20 | +0.046,-0.017 | +0.00,+0.05 | [419 379 372 396]  (a=1.07g)
  36.64  -0.24  -0.69 |  0.00  0.00 | +0.004,+0.012   0.7° | +0.01,+0.04 | -0.06,+0.09 | +0.027,-0.003 | +0.01,+0.04 | [409 383 375 399]  (a=0.97g)
  36.76  -0.22  -1.01 |  0.00  0.00 | +0.004,+0.018   1.0° | +0.01,+0.05 | -0.16,+0.10 | +0.052,-0.003 | +0.01,+0.05 | [423 377 361 404]  (a=0.99g)
  36.88  -0.33  -1.10 |  0.00  0.00 | +0.006,+0.019   1.2° | +0.02,+0.06 | +0.09,+0.05 | -0.008,+0.004 | +0.02,+0.06 | [387 394 394 392]  (a=0.99g)
  37.00  -0.77  -0.94 |  0.00  0.00 | +0.013,+0.016   1.2° | +0.04,+0.05 | +0.29,+0.06 | -0.052,+0.002 | +0.04,+0.05 | [419 423 439 438]  (a=1.13g)
  37.12  -0.97  -0.99 |  0.00  0.00 | +0.017,+0.017   1.4° | +0.05,+0.05 | -0.02,+0.15 | +0.027,-0.008 | +0.05,+0.05 | [434 434 429 421]  (a=0.87g)
  37.24  -0.60  -1.18 |  0.00  0.00 | +0.011,+0.021   1.3° | +0.03,+0.06 | +0.05,+0.08 | +0.006,+0.002 | +0.03,+0.06 | [434 427 424 433]  (a=1.12g)
  37.36  -0.61  -1.59 |  0.00  0.00 | +0.011,+0.028   1.7° | +0.03,+0.08 | -0.08,-0.18 | +0.037,+0.038 | +0.03,+0.08 | [444 427 397 450]  (a=1.15g)
  37.48  -0.34  -1.60 |  0.00  0.00 | +0.006,+0.028   1.6° | +0.02,+0.08 | +0.05,+0.29 | +0.004,-0.023 | +0.02,+0.08 | [437 424 433 425]  (a=1.23g)
  37.60  -0.53  -1.80 |  0.00  0.00 | +0.009,+0.031   1.9° | +0.03,+0.09 | +0.05,-0.04 | +0.005,+0.020 | +0.03,+0.09 | [438 422 411 447]  (a=1.06g)
  37.72  -0.20  -2.35 |  0.00  0.00 | +0.004,+0.041   2.3° | +0.01,+0.12 | +0.10,+0.02 | -0.012,+0.016 | +0.01,+0.12 | [418 437 433 430]  (a=0.99g)
  37.84  -0.50  -2.19 |  0.00  0.00 | +0.009,+0.038   2.2° | +0.03,+0.11 | +0.08,-0.11 | -0.003,+0.032 | +0.03,+0.11 | [416 442 428 432]  (a=0.83g)
  37.96  -0.41  -1.97 |  0.00  0.00 | +0.007,+0.034   2.0° | +0.02,+0.10 | -0.05,+0.15 | +0.028,-0.002 | +0.02,+0.10 | [441 428 419 431]  (a=0.84g)
  38.08  -0.42  -2.83 |  0.00  0.00 | +0.007,+0.049   2.9° | +0.02,+0.15 | -0.13,+0.13 | +0.049,+0.007 | +0.02,+0.15 | [448 427 407 435]  (a=0.87g)
  38.20  -0.08  -2.47 |  0.00  0.00 | +0.001,+0.043   2.5° | +0.00,+0.13 | -0.18,-0.18 | +0.056,+0.045 | +0.00,+0.13 | [438 440 400 440]  (a=0.93g)
  38.32  -0.33  -2.13 |  0.00  0.00 | +0.006,+0.037   2.1° | +0.02,+0.11 | +0.06,+0.06 | +0.001,+0.012 | +0.02,+0.11 | [430 430 424 435]  (a=1.03g)
  38.44  -0.16  -2.07 |  0.00  0.00 | +0.003,+0.036   2.1° | +0.01,+0.11 | +0.09,+0.10 | -0.006,+0.008 | +0.01,+0.11 | [426 431 429 432]  (a=1.16g)
  38.56  -0.15  -1.78 |  0.00  0.00 | +0.003,+0.031   1.8° | +0.01,+0.09 | +0.05,+0.15 | +0.003,-0.001 | +0.01,+0.09 | [425 435 434 424]  (a=1.24g)
  38.68  -0.48  -2.03 |  0.00  0.00 | +0.008,+0.035   2.1° | +0.02,+0.11 | +0.13,+0.10 | -0.014,+0.007 | +0.02,+0.11 | [413 442 443 421]  (a=1.17g)
  38.80  -0.65  -2.09 |  0.00  0.00 | +0.011,+0.036   2.2° | +0.03,+0.11 | +0.10,+0.05 | -0.005,+0.014 | +0.03,+0.11 | [441 416 411 450]  (a=1.15g)
  38.84  -0.42  -2.74 |  0.00  0.00 | +0.007,+0.048   2.8° | +0.02,+0.14 | -0.09,-0.20 | +0.039,+0.051 | +0.02,+0.14 | [453 420 382 464]  (a=0.76g)
  39.04  -0.51  -1.30 |  0.00  0.00 | +0.009,+0.023   1.4° | +0.03,+0.07 | -0.22,-0.21 | +0.069,+0.044 | +0.03,+0.07 | [447 436 391 444]  (a=0.95g)
  39.16  -0.25  -1.76 |  0.00  0.00 | +0.004,+0.031   1.8° | +0.01,+0.09 | +0.05,-0.11 | +0.002,+0.034 | +0.01,+0.09 | [429 430 413 445]  (a=0.90g)
  39.28  -0.18  -1.33 |  0.00  0.00 | +0.003,+0.023   1.3° | +0.01,+0.07 | -0.04,+0.14 | +0.025,+0.000 | +0.01,+0.07 | [447 420 412 439]  (a=0.84g)
  39.40  -0.07  -1.90 |  0.00  0.00 | +0.001,+0.033   1.9° | +0.00,+0.10 | -0.03,-0.04 | +0.022,+0.027 | +0.00,+0.10 | [432 434 414 438]  (a=0.90g)
  39.52  -0.22  -1.62 |  0.00  0.00 | +0.004,+0.028   1.6° | +0.01,+0.08 | +0.09,+0.08 | -0.005,+0.010 | +0.01,+0.08 | [429 428 425 435]  (a=1.04g)
  39.64  -0.64  -1.07 |  0.00  0.00 | +0.011,+0.019   1.2° | +0.03,+0.06 | +0.13,+0.14 | -0.009,-0.001 | +0.03,+0.06 | [434 422 425 437]  (a=1.10g)
  39.76  -0.34  -1.50 |  0.00  0.00 | +0.006,+0.026   1.5° | +0.02,+0.08 | +0.17,-0.00 | -0.023,+0.020 | +0.02,+0.08 | [417 434 432 435]  (a=1.18g)

--- session 5 57~64s  (目标 roll/pitch = RC 给定期望, 基本为 0)
   t     roll   pitch | 目标R 目标P | 误差轴(ex,ey) 误差角 | 期望角速度 spx,spy | 实测 wx,wy | 力矩 tx,ty | 复算 spx,spy | 逻辑电机 M0左前/M1右前/M2右后/M3左后
  57.18  -2.30   6.43 |  0.00  0.00 | +0.040,-0.112   6.8° | +0.12,-0.34 | -0.48,-0.36 | +0.229,+0.022 | +0.12,-0.34 | [760 633 545 692]  (a=1.70g)
  57.30  -2.58   5.23 |  0.00  0.00 | +0.045,-0.091   5.8° | +0.13,-0.27 | -0.16,+0.47 | +0.155,-0.076 | +0.13,-0.27 | [700 668 651 611]  (a=0.86g)
  57.42  -5.96   6.88 |  0.00  0.00 | +0.103,-0.120   9.1° | +0.31,-0.36 | +0.15,+0.49 | +0.118,-0.084 | +0.31,-0.36 | [733 623 622 652]  (a=1.40g)
  57.54  -6.35   9.22 |  0.00  0.00 | +0.110,-0.161  11.2° | +0.33,-0.48 | -0.62,+0.42 | +0.311,-0.092 | +0.33,-0.48 | [768 654 591 617]  (a=1.02g)
  57.66  -5.32   8.88 |  0.00  0.00 | +0.092,-0.155  10.3° | +0.28,-0.47 | -0.11,-0.64 | +0.178,+0.039 | +0.28,-0.47 | [684 692 612 642]  (a=0.87g)
  57.78  -3.43   7.55 |  0.00  0.00 | +0.059,-0.132   8.3° | +0.18,-0.40 | +0.26,+0.32 | +0.070,-0.077 | +0.18,-0.40 | [731 608 621 670]  (a=1.01g)
  57.90  -1.74   7.31 |  0.00  0.00 | +0.030,-0.127   7.5° | +0.09,-0.38 | +0.02,-0.50 | +0.109,+0.030 | +0.09,-0.38 | [677 675 624 654]  (a=0.80g)
  58.02  -2.30   7.04 |  0.00  0.00 | +0.040,-0.123   7.4° | +0.12,-0.37 | -0.66,-0.22 | +0.280,-0.007 | +0.12,-0.37 | [772 639 547 672]  (a=1.37g)
  58.24  -7.49   9.71 |  0.00  0.00 | +0.129,-0.170  12.2° | +0.39,-0.51 | +0.12,+0.61 | +0.153,-0.126 | +0.39,-0.51 | [758 609 618 645]  (a=0.92g)
  58.10  -5.79   7.50 |  0.00  0.00 | +0.100,-0.131   9.5° | +0.30,-0.39 | -0.88,-0.48 | +0.372,+0.021 | +0.30,-0.39 | [745 697 560 628]  (a=1.24g)
  58.38  -8.58  10.54 |  0.00  0.00 | +0.148,-0.184  13.6° | +0.44,-0.55 | +0.48,-0.32 | +0.077,-0.014 | +0.44,-0.55 | [679 662 643 646]  (a=0.75g)
  58.50  -6.07  10.27 |  0.00  0.00 | +0.105,-0.179  11.9° | +0.31,-0.54 | +0.12,-0.40 | +0.142,-0.009 | +0.31,-0.54 | [723 640 596 670]  (a=1.42g)
  58.62  -5.09   8.78 |  0.00  0.00 | +0.088,-0.153  10.1° | +0.26,-0.46 | -0.20,-0.28 | +0.209,-0.019 | +0.26,-0.46 | [692 694 632 612]  (a=0.89g)
  58.74  -6.60   7.94 |  0.00  0.00 | +0.114,-0.139  10.3° | +0.34,-0.42 | +0.07,-0.14 | +0.161,-0.029 | +0.34,-0.42 | [713 657 616 644]  (a=1.24g)
  58.86  -4.41   8.57 |  0.00  0.00 | +0.076,-0.150   9.6° | +0.23,-0.45 | -0.10,-0.25 | +0.181,-0.021 | +0.23,-0.45 | [704 672 621 633]  (a=0.87g)
  58.98  -3.27   8.27 |  0.00  0.00 | +0.057,-0.144   8.9° | +0.17,-0.43 | +0.13,-0.41 | +0.115,-0.001 | +0.17,-0.43 | [704 650 611 665]  (a=1.09g)
  59.10  -3.62   7.89 |  0.00  0.00 | +0.063,-0.138   8.7° | +0.19,-0.41 | +0.45,+0.26 | +0.040,-0.085 | +0.19,-0.41 | [722 607 634 667]  (a=0.93g)
  59.22  -5.39   7.90 |  0.00  0.00 | +0.093,-0.138   9.6° | +0.28,-0.41 | -0.44,-0.04 | +0.277,-0.049 | +0.28,-0.41 | [747 662 591 629]  (a=1.22g)
  59.34  -5.02   7.90 |  0.00  0.00 | +0.087,-0.138   9.4° | +0.26,-0.41 | -0.33,-0.09 | +0.248,-0.044 | +0.26,-0.41 | [741 658 594 636]  (a=1.24g)
  59.46  -5.16   7.57 |  0.00  0.00 | +0.089,-0.132   9.2° | +0.27,-0.40 | -0.53,+0.15 | +0.301,-0.074 | +0.27,-0.40 | [742 676 609 604]  (a=0.91g)
  59.62  -4.81   7.86 |  0.00  0.00 | +0.083,-0.137   9.2° | +0.25,-0.41 | -0.07,-0.01 | +0.186,-0.057 | +0.25,-0.41 | [758 621 585 667]  (a=1.16g)
  59.70  -4.95   7.14 |  0.00  0.00 | +0.086,-0.125   8.7° | +0.26,-0.37 | -0.35,-0.53 | +0.255,+0.012 | +0.26,-0.37 | [699 703 610 618]  (a=0.80g)
  59.82  -6.44   7.71 |  0.00  0.00 | +0.112,-0.135  10.0° | +0.33,-0.40 | -1.03,-0.21 | +0.440,-0.032 | +0.33,-0.40 | [792 673 538 627]  (a=1.73g)
  59.94 -10.26   9.61 |  0.00  0.00 | +0.177,-0.168  14.0° | +0.53,-0.50 | +0.65,-0.19 | +0.075,-0.044 | +0.53,-0.50 | [695 646 641 648]  (a=0.74g)
  60.06 -11.02  10.59 |  0.00  0.00 | +0.190,-0.185  15.2° | +0.57,-0.56 | +0.06,+0.59 | +0.230,-0.152 | +0.57,-0.56 | [785 609 603 634]  (a=0.88g)
  60.18  -7.89  10.19 |  0.00  0.00 | +0.136,-0.178  12.9° | +0.41,-0.53 | +0.70,-0.12 | +0.044,-0.065 | +0.41,-0.53 | [692 638 654 645]  (a=0.79g)
  60.30  -6.23   8.45 |  0.00  0.00 | +0.108,-0.148  10.5° | +0.32,-0.44 | +0.10,+0.28 | +0.174,-0.109 | +0.32,-0.44 | [727 647 640 616]  (a=1.08g)
  60.42  -5.62   7.78 |  0.00  0.00 | +0.097,-0.136   9.6° | +0.29,-0.41 | +0.36,-0.69 | +0.103,+0.021 | +0.29,-0.41 | [679 671 626 654]  (a=1.24g)
  60.54  -5.35   8.43 |  0.00  0.00 | +0.093,-0.147  10.0° | +0.28,-0.44 | -0.52,+0.35 | +0.316,-0.114 | +0.28,-0.44 | [791 632 579 628]  (a=1.23g)
  60.66  -7.00   8.44 |  0.00  0.00 | +0.121,-0.147  10.9° | +0.36,-0.44 | -0.06,+0.20 | +0.227,-0.099 | +0.36,-0.44 | [728 665 635 603]  (a=0.80g)
  60.78  -9.81   8.96 |  0.00  0.00 | +0.169,-0.157  13.3° | +0.51,-0.47 | +0.82,+0.37 | +0.046,-0.126 | +0.51,-0.47 | [671 584 628 595]  (a=1.33g)
  60.90  -7.95   8.61 |  0.00  0.00 | +0.137,-0.151  11.7° | +0.41,-0.45 | +0.17,+0.03 | +0.185,-0.086 | +0.41,-0.45 | [673 629 607 568]  (a=0.83g)
  61.02  -7.10   4.98 |  0.00  0.00 | +0.123,-0.087   8.7° | +0.37,-0.26 | +0.22,-0.32 | +0.167,-0.026 | +0.37,-0.26 | [682 614 569 613]  (a=0.82g)
  61.14  -6.15   0.45 |  0.00  0.00 | +0.107,-0.008   6.2° | +0.32,-0.02 | +0.25,-0.74 | +0.150,+0.053 | +0.32,-0.02 | [601 613 536 576]  (a=0.77g)
  61.26  -7.76  -4.68 |  0.00  0.00 | +0.135,+0.082   9.1° | +0.41,+0.25 | -0.33,+0.38 | +0.306,-0.046 | +0.41,+0.25 | [644 623 541 518]  (a=1.00g)
  61.38  -6.53  -1.43 |  0.00  0.00 | +0.114,+0.025   6.7° | +0.34,+0.07 | +0.36,+0.10 | +0.132,-0.022 | +0.34,+0.07 | [645 563 528 590]  (a=0.94g)
  61.50  -5.30  -2.44 |  0.00  0.00 | +0.092,+0.043   5.8° | +0.28,+0.13 | -0.16,-0.70 | +0.244,+0.077 | +0.28,+0.13 | [613 633 513 567]  (a=1.07g)
  61.62  -3.50  -1.01 |  0.00  0.00 | +0.061,+0.018   3.6° | +0.18,+0.05 | +0.25,-0.23 | +0.130,+0.015 | +0.18,+0.05 | [624 583 532 587]  (a=0.91g)
  61.74  -4.91  -2.13 |  0.00  0.00 | +0.086,+0.037   5.3° | +0.26,+0.11 | -0.20,-0.53 | +0.253,+0.060 | +0.26,+0.11 | [616 633 518 559]  (a=0.89g)
  61.86  -4.56  -1.61 |  0.00  0.00 | +0.080,+0.028   4.8° | +0.24,+0.08 | -0.03,+0.09 | +0.211,-0.021 | +0.24,+0.08 | [656 580 518 573]  (a=1.22g)
  61.98  -5.41  -2.16 |  0.00  0.00 | +0.094,+0.038   5.8° | +0.28,+0.11 | +0.16,+0.12 | +0.177,-0.022 | +0.28,+0.11 | [621 602 552 551]  (a=0.74g)
  62.10  -4.88  -2.09 |  0.00  0.00 | +0.085,+0.037   5.3° | +0.26,+0.11 | +0.10,+0.20 | +0.185,-0.034 | +0.26,+0.11 | [650 576 529 570]  (a=1.40g)
  62.22  -5.27  -2.23 |  0.00  0.00 | +0.092,+0.039   5.7° | +0.28,+0.12 | -0.10,-0.03 | +0.241,-0.001 | +0.28,+0.12 | [644 601 519 562]  (a=0.83g)
  62.34  -7.85  -2.51 |  0.00  0.00 | +0.137,+0.044   8.2° | +0.41,+0.13 | +0.37,+0.15 | +0.157,-0.023 | +0.41,+0.13 | [623 594 551 559]  (a=0.91g)
  62.46  -6.17  -1.77 |  0.00  0.00 | +0.108,+0.031   6.4° | +0.32,+0.09 | +0.37,-0.07 | +0.140,+0.002 | +0.32,+0.09 | [621 590 541 574]  (a=0.88g)
  62.58  -6.77  -2.59 |  0.00  0.00 | +0.118,+0.045   7.2° | +0.35,+0.14 | -0.23,-0.02 | +0.293,+0.001 | +0.35,+0.14 | [663 600 500 563]  (a=0.89g)
  62.70  -7.38  -1.92 |  0.00  0.00 | +0.129,+0.033   7.6° | +0.39,+0.10 | +0.17,-0.13 | +0.205,+0.012 | +0.39,+0.10 | [645 588 512 581]  (a=0.98g)
  62.82  -6.26  -2.45 |  0.00  0.00 | +0.109,+0.043   6.7° | +0.33,+0.13 | -0.34,-0.46 | +0.318,+0.056 | +0.33,+0.13 | [632 639 504 551]  (a=0.99g)
  62.94  -6.99  -1.88 |  0.00  0.00 | +0.122,+0.033   7.2° | +0.37,+0.10 | +0.10,+0.36 | +0.223,-0.051 | +0.37,+0.10 | [688 551 499 588]  (a=1.04g)
  63.06  -6.19  -1.84 |  0.00  0.00 | +0.108,+0.032   6.5° | +0.32,+0.10 | +0.09,-0.12 | +0.217,+0.009 | +0.32,+0.10 | [617 620 541 548]  (a=0.97g)
  63.18  -6.32  -1.58 |  0.00  0.00 | +0.110,+0.028   6.5° | +0.33,+0.08 | +0.27,+0.20 | +0.177,-0.033 | +0.33,+0.08 | [634 589 545 558]  (a=0.84g)
  63.30  -7.29  -2.44 |  0.00  0.00 | +0.127,+0.043   7.7° | +0.38,+0.13 | -0.21,-0.24 | +0.306,+0.030 | +0.38,+0.13 | [668 599 481 578]  (a=1.17g)
  63.42  -7.50  -2.65 |  0.00  0.00 | +0.131,+0.046   8.0° | +0.39,+0.14 | -0.31,+0.23 | +0.335,-0.027 | +0.39,+0.14 | [682 595 494 555]  (a=1.05g)
  63.54  -8.03  -2.14 |  0.00  0.00 | +0.140,+0.037   8.3° | +0.42,+0.11 | +0.75,+0.05 | +0.085,-0.010 | +0.42,+0.11 | [606 586 561 573]  (a=0.99g)
  63.66  -5.32  -1.54 |  0.00  0.00 | +0.093,+0.027   5.5° | +0.28,+0.08 | -0.01,+0.38 | +0.242,-0.055 | +0.28,+0.08 | [635 535 479 525]  (a=0.92g)
  63.78  -6.21  -1.46 |  0.00  0.00 | +0.108,+0.026   6.4° | +0.32,+0.08 | +0.02,-0.16 | +0.246,+0.015 | +0.32,+0.08 | [579 592 501 502]  (a=0.76g)
  63.90  -7.92  -0.66 |  0.00  0.00 | +0.138,+0.012   7.9° | +0.41,+0.03 | -0.07,-0.19 | +0.290,+0.014 | +0.41,+0.03 | [608 578 473 515]  (a=0.77g)
  64.02  -6.47  -0.48 |  0.00  0.00 | +0.113,+0.008   6.5° | +0.34,+0.03 | -0.33,+0.13 | +0.338,-0.026 | +0.34,+0.03 | [626 576 473 498]  (a=0.82g)
  64.14  -5.71  -0.79 |  0.00  0.00 | +0.100,+0.014   5.8° | +0.30,+0.04 | -0.12,-0.01 | +0.281,-0.006 | +0.30,+0.04 | [624 558 466 526]  (a=0.89g)
