  会话     油门   低频 |ω| RMS   高频 |ω| RMS       姿态峰峰(roll+pitch)     帧数
   4   0.05        0.270        0.086                    2.9    152
   4   0.09        0.280        0.105                   18.3    502
   4   0.11        0.245        0.085                    3.3    471
   4   0.13        0.397        0.155                   40.3    354
   4   0.15        0.450        0.170                   47.3    191
   4   0.17        0.601        0.251                   37.9    154
   4   0.19        2.336        1.185                  114.7    258
   4   0.21        1.020        0.479                   77.9    403
   4   0.23        1.866        1.421                   80.6    161
   5   0.05        0.087        0.040                    0.8   1029
   5   0.07        0.241        0.084                    2.0   3031
   5   0.09        0.243        0.094                    2.5    819
   6   0.05        0.219        0.071                    1.7    199
   6   0.15        0.335        0.129                   38.4    230
   6   0.21        0.742        0.309                   37.2    208
   8   0.01        0.105        0.046                    2.4    418
   8   0.07        0.174        0.065                    1.8    200
   8   0.13        0.283        0.108                    7.5   1747
   8   0.15        0.324        0.126                   12.7   1821
   8   0.17        0.409        0.162                   14.9    590
   8   0.19        0.559        0.239                   37.8    234
   8   0.21        2.637        1.808                   93.8    176
   8   0.23        1.926        1.134                   73.3    484
油门 0.16~0.22, 稳定段 (300~305s): pitch 主频 0.20 Hz, 峰峰 8.4°, roll 峰峰 8.6°
油门 0.22, 发散前 (305~307s): pitch 主频 1.65 Hz, 峰峰 15.0°, roll 峰峰 17.5°
   时刻   linkAge  |ω|瞬时  1s|ω|RMS  roll    pitch   油门  电机(M0左前/M1右前/M2右后/M3左后)
   306.80       19     1.30      1.14    -0.8      6.0  0.220  [704 328 249 588]
   306.84       20     0.55      1.09     2.9      5.2  0.220  [530 508 346 486]
   306.88       19     0.70      1.10     3.4      3.9  0.220  [577 472 322 499]
   306.92       20     1.54      1.09     4.1      2.0  0.220  [611 315 327 617]
   306.96       20     0.98      1.10     4.7      2.2  0.220  [639 412 226 592]
   307.00       19     1.02      1.07     3.4      2.0  0.220  [581 493 254 542]
   307.04       20     0.62      1.08     4.2     -0.8  0.220  [585 435 267 583]
   307.08       20     1.14      1.08     5.1      1.8  0.220  [676 357 216 622]
   307.12       19     1.66      1.10     5.7     -0.1  0.220  [553 389 396 532]
   307.16       19     2.33      1.16     5.2     -0.9  0.220  [736 393 219 522]
   307.20       19     0.94      1.16     6.3      1.7  0.220  [608 393 317 551]
   307.24       19     0.95      1.15     5.6      0.9  0.220  [638 387 227 618]
   307.28       19     0.38      1.12     0.7      1.4  0.220  [489 498 382 501]
   307.32       20     0.80      1.10     1.2      1.6  0.220  [638 392 251 588]
   307.36       20     1.32      1.12    -0.5      2.6  0.220  [545 380 369 577]
   307.40       39     3.32      1.21     0.2      7.0  0.220  [449 337 550 535]
   307.44       79    12.79      2.40     4.7      8.0  0.220  [465 151 708 547]
   307.48      119    11.93      3.06     6.3     10.8  0.220  [823 197  50 801]
   307.52      159     5.28      3.26    -0.6      9.9  0.220  [854 103  50 864]
   307.56      199     4.24      3.36    -2.2     10.5  0.220  [805 157  50 858]
   307.60      239     2.97      3.41    -0.7     11.8  0.220  [747  78 213 833]
   307.64      279     2.09      3.45     3.1     11.0  0.220  [789 208  55 818]
   307.68      319     3.20      3.49     1.1     11.8  0.220  [666 163 152 890]
   307.72      359     2.22      3.50     2.6     11.3  0.220  [749 174 260 688]
   307.76      399     1.30      3.52     7.4     12.8  0.220  [687 261 274 648]
   307.80      439     0.89      3.54     9.3     12.7  0.220  [665 323 286 596]
