====================================================================================================
O1 低频(控制环, 0.15s 低通) vs 高频(残差) 的角速度幅值随油门变化
====================================================================================================
  会话     油门   低频 |ω| RMS   高频 |ω| RMS       姿态峰峰(roll+pitch)     帧数
   2   0.17        0.040        0.017                    0.1    293
   3   0.15        0.151        0.064                    2.0    185
   3   0.23        0.296        0.154                   12.7    150
   3   0.29        0.364        0.151                   17.6    223
   4   0.15        0.157        0.074                    1.5    197
   4   0.21        0.192        0.076                    3.1    316
   5   0.17        0.186        0.069                    2.4    338
   5   0.23        0.298        0.115                   12.2    501
   5   0.25        0.323        0.136                   10.2    151
   5   0.27        0.386        0.144                   16.4    155
   5   0.29        0.451        0.185                   22.1    513
   5   0.31        0.462        0.185                   22.7    280
   5   0.33        0.569        0.245                   25.0    322
注: 低频 = 控制环能响应的频段(姿态真的在摆); 高频 = 桨/机架振动(控制器只能追着它打)

====================================================================================================
O2 每个会话解锁段前半/后半的振荡主频与姿态峰峰
====================================================================================================
s2 前半段 (  32.5~  37.5s): pitch 主频 0.20 Hz, pitch 峰峰   0.1°, roll 峰峰   0.1°, 油门 0.180
s2 后半段 (  37.5~  42.6s): pitch 主频 0.20 Hz, pitch 峰峰   0.1°, roll 峰峰   0.1°, 油门 0.160
s3 前半段 (  56.5~  69.3s): pitch 主频 0.08 Hz, pitch 峰峰   4.7°, roll 峰峰  11.5°, 油门 0.180
s3 后半段 (  69.3~  82.2s): pitch 主频 0.23 Hz, pitch 峰峰  13.7°, roll 峰峰  12.0°, 油门 0.260
s4 前半段 (  29.3~  36.3s): pitch 主频 0.43 Hz, pitch 峰峰   1.6°, roll 峰峰   1.5°, 油门 0.140
s4 后半段 (  36.3~  43.3s): pitch 主频 0.29 Hz, pitch 峰峰   2.6°, roll 峰峰   1.3°, 油门 0.200
s5 前半段 (  38.8~  60.7s): pitch 主频 0.05 Hz, pitch 峰峰  16.4°, roll 峰峰  15.2°, 油门 0.200
s5 后半段 (  60.7~  82.6s): pitch 主频 0.05 Hz, pitch 峰峰  17.3°, roll 峰峰  15.7°, 油门 0.260

====================================================================================================
O3 角速度峰值附近 20ms 明细(链路/油门/姿态/电机)
====================================================================================================

s2 峰值 |ω|=0.12 rad/s @ t=40.74s
   时刻   linkAge  |ω|   roll   pitch  油门   |a|   电机(M0左前/M1右前/M2右后/M3左后)
    40.24       20  0.03   -1.78   -0.09 0.160  1.00   [371 356 335 353]
    40.34       20  0.05   -1.77   -0.09 0.160  1.00   [378 347 330 359]
    40.44       20  0.03   -1.79   -0.10 0.160  1.01   [374 363 338 340]
    40.54       20  0.02   -1.79   -0.10 0.160  1.00   [393 369 337 315]
    40.64       20  0.05   -1.79   -0.09 0.160  1.00   [362 368 345 339]
    40.74       20  0.12   -1.80   -0.07 0.160  1.00   [393 338 316 367]
    40.84       20  0.01   -1.78   -0.09 0.160  1.01   [367 360 339 348]
    40.94       20  0.04   -1.79   -0.10 0.160  1.01   [377 351 330 357]
    41.04       20  0.03   -1.79   -0.09 0.160  1.01   [371 359 336 348]
    41.14       20  0.06   -1.76   -0.08 0.160  1.00   [382 345 326 361]
    41.24       20  0.10   -1.78   -0.08 0.160  1.00   [385 338 324 367]

s3 峰值 |ω|=1.70 rad/s @ t=78.78s
   时刻   linkAge  |ω|   roll   pitch  油门   |a|   电机(M0左前/M1右前/M2右后/M3左后)
    78.28       19  0.22   -5.04    3.26 0.300  1.14   [693 617 561 606]
    78.38       19  0.26   -6.03    3.29 0.300  0.79   [676 635 572 595]
    78.48       19  0.21   -6.07    3.72 0.300  1.34   [726 618 525 609]
    78.58       19  0.41   -5.95    4.09 0.300  1.12   [708 621 574 576]
    78.68       19  0.51   -4.37    3.49 0.260  0.80   [613 592 471 498]
    78.78       39  1.70   -2.73   -1.37 0.220  1.43   [484 538 361 487]
    78.88       19  0.40   -1.90   -0.96 0.200  1.06   [503 452 378 385]
    78.98       19  0.39   -1.73   -1.52 0.200  1.16   [506 415 371 426]
    79.08       19  0.36   -1.31   -1.15 0.200  1.18   [467 448 407 396]
    79.18       19  0.12   -1.81   -0.63 0.200  1.00   [497 433 364 424]
    79.28       19  0.30   -1.10   -0.21 0.140  0.93   [374 356 254 278]

s4 峰值 |ω|=0.52 rad/s @ t=29.38s
   时刻   linkAge  |ω|   roll   pitch  油门   |a|   电机(M0左前/M1右前/M2右后/M3左后)
    28.88       19  0.01   -0.50   -0.42 0.000  1.01   [50 50 50 50]
    28.98       20  0.01   -0.53   -0.42 0.000  1.00   [50 50 50 50]
    29.08       20  0.03   -0.53   -0.40 0.000  1.00   [50 50 50 50]
    29.18       20  0.05   -0.55   -0.40 0.000  1.00   [50 50 50 50]
    29.28       20  0.03   -0.54   -0.40 0.000  1.01   [50 50 50 50]
    29.38       20  0.52   -0.71    0.05 0.140  0.98   [305 286 327 344]
    29.48       18  0.04   -0.60   -0.33 0.140  1.02   [321 314 307 320]
    29.58       18  0.07   -0.41   -0.06 0.140  1.03   [308 319 323 312]
    29.68       18  0.18   -0.51   -0.12 0.140  0.91   [344 295 281 341]
    29.78       18  0.22   -0.64   -0.21 0.140  0.98   [300 317 334 311]
    29.88       18  0.14   -0.54   -0.17 0.140  1.02   [326 318 303 315]

s5 峰值 |ω|=1.69 rad/s @ t=61.22s
   时刻   linkAge  |ω|   roll   pitch  油门   |a|   电机(M0左前/M1右前/M2右后/M3左后)
    60.72       16  0.94   -7.89    9.11 0.320  0.76   [685 637 693 615]
    60.82       17  0.70   -8.91    9.05 0.300  1.18   [765 610 521 583]
    60.92       17  0.64   -7.47    8.21 0.300  1.47   [721 616 523 618]
    61.02       17  0.39   -7.10    4.98 0.300  0.82   [682 614 569 613]
    61.12       17  1.49   -7.64    1.01 0.280  0.73   [602 650 491 583]
    61.22       17  1.69   -7.07   -3.84 0.280  0.83   [563 643 508 612]
    61.32       17  0.49   -8.42   -3.37 0.280  1.34   [684 548 502 592]
    61.42       36  0.54   -5.34   -0.99 0.280  0.91   [625 628 518 555]
    61.52       17  0.34   -5.26   -2.54 0.280  0.84   [623 588 556 560]
    61.62       17  0.34   -3.50   -1.01 0.280  0.91   [624 583 532 587]
    61.72       16  0.40   -5.06   -1.98 0.280  1.36   [624 577 547 578]
