session 4 第二次飞行 216.6~232s: 每 0.5s 对照
  时间  油门 | EKF roll/pitch | 加速度计 roll/pitch | 陀螺积分 roll/pitch(自解锁) | |a|  | 门开 | baroRel
   216.0 0.000 |  -1.16  -0.44 |  -1.18  -0.41 |  -1.13  -0.80 | 1.00 | 100% |  -0.12
   216.5 0.064 |  -1.24  -0.41 |  -1.41  -0.33 |  +0.84  -0.03 | 1.00 | 100% |  -0.07
   217.0 0.080 |  -1.16  -0.27 |  -2.12  -0.26 |  -1.19  -0.61 | 1.02 | 100% |  -0.27
   217.5 0.080 |  -1.08  -0.22 |  -2.47  -0.23 |  -1.00  -1.05 | 1.01 | 100% |  -0.31
   218.0 0.080 |  -1.24  -0.14 |  -0.84  -1.22 |  -0.05  -0.44 | 1.00 | 100% |  -0.31
   218.5 0.080 |  -1.28  -0.23 |  +0.38  -1.01 |  -1.03  -1.58 | 1.00 | 100% |  -0.36
   219.0 0.080 |  -1.10  -0.16 |  -0.72  -0.38 |  -0.51  -0.66 | 1.02 | 100% |  -0.31
   219.5 0.080 |  -1.24  -0.28 |  -2.57  -0.63 |  -3.20  -0.78 | 1.01 | 100% |  -0.23
   220.0 0.082 |  -1.10  -0.22 |  -1.36  -0.71 |  -2.77  -1.12 | 1.02 |  92% |  -0.26
   220.5 0.100 |  -1.13  -0.26 |  -1.32  -0.46 |  -1.56  -0.51 | 1.00 | 100% |  -0.34
   221.0 0.100 |  -1.03  -0.27 |  -1.20  -0.36 |  -2.72  -1.01 | 1.00 | 100% |  -0.39
   221.5 0.100 |  -1.12  -0.36 |  -1.21  -0.23 |  -3.10  -0.83 | 1.01 | 100% |  -0.35
   222.0 0.100 |  -1.08  -0.48 |  -1.13  -0.19 |  -1.58  -0.53 | 1.02 | 100% |  -0.29
   222.5 0.100 |  -1.12  -0.40 |  -0.95  -0.19 |  -1.63  -1.16 | 1.02 | 100% |  -0.25
   223.0 0.100 |  -1.17  -0.57 |  -1.02  -0.50 |  -3.41  -0.61 | 1.01 | 100% |  -0.28
   223.5 0.100 |  -0.90  -0.31 |  -1.22  -0.38 |  +0.95  -1.02 | 1.01 | 100% |  -0.31
   224.0 0.100 |  -1.17  -0.48 |  -1.39  -0.84 |  -2.68  -0.51 | 0.99 | 100% |  -0.33
   224.5 0.100 |  -1.11  -0.41 |  -1.68  -0.74 |  -0.88  -0.71 | 1.01 | 100% |  -0.27
   225.0 0.106 |  -1.22  -0.30 |  -1.56  -0.61 |  -0.75  -0.53 | 1.00 | 100% |  -0.29
   225.5 0.120 |  -1.71  -0.91 |  -1.27  -0.95 |  -2.35  +0.58 | 1.03 |  96% |  -0.46
   226.0 0.120 |  -1.70  -0.45 |  -1.42  -0.31 |  -1.40  -1.87 | 1.04 | 100% |  -0.65
   226.5 0.120 |  -2.32  -1.68 |  -0.68  -0.48 |  -1.12  -0.08 | 1.05 |  96% |  -0.59
   227.0 0.120 |  -1.96  -1.20 |  -1.23  -0.26 |  -2.21  -1.10 | 1.00 | 100% |  -0.73
   227.5 0.120 |  -1.71  -0.83 |  -1.75  -1.00 |  -1.45  -1.21 | 1.04 | 100% |  -0.63
   228.0 0.133 |  -2.37  -2.92 |  -0.09  -0.38 |  +2.19  +1.18 | 1.03 |  96% |  -0.76
   228.5 0.140 |  +0.08  -3.28 |  +1.13  -3.51 |  +0.47  +5.65 | 1.01 |  80% |  -1.13
   229.0 0.140 |  +2.13  -7.65 |  -1.16  -1.77 |  -0.89  -1.09 | 1.10 |  56% |  -1.19
   229.5 0.140 |  +1.89  -7.80 |  -2.47  -1.21 |  -1.66  -1.85 | 1.07 |  60% |  -0.72
   230.0 0.140 |  +0.72  -6.73 |  -2.32  +0.79 |  -1.87  -1.60 | 1.10 |  64% |  -0.46
   230.5 0.150 |  -0.82  -5.49 |  -1.48  -1.25 |  -2.26  -2.16 | 1.05 |  76% |  -0.47
   231.0 0.160 |  +6.26 -11.34 |  -1.17  -1.87 |  -1.71  -2.98 | 1.20 |  52% |  -0.59
   231.5 0.171 |  +9.29 -11.81 |  -1.71  +0.34 |  -0.94  +1.69 | 1.26 |  36% |  -0.41

按油门分箱: 加速度计方向相对'陀螺积分姿态'的偏差(即加速度计方向的固定偏差)
  油门区间  帧数  由加速度计的 roll/pitch   陀螺积分的 roll/pitch    差(acc - gyro)
  0.05~0.09    509     -1.72   -0.62       +14.66   -5.82       -16.38   +5.20
  0.09~0.13    825     -1.51   -0.55       +20.60   +4.93       -22.12   -5.47
  0.13~0.17    345     -1.08   -0.16       +15.72  +12.31       -16.80  -12.47
  0.17~0.25    955     -0.12   +2.18       +15.96   -7.54       -16.08   +9.72
