====================================================================================================
session 2 解锁段 32.5~42.6s
   t    油门  |a|   acc_tilt  gyro_tilt  ekf_tilt |  gyro-acc   ekf-acc
   0.0  0.120  1.00     1.82       1.76      1.76 |     -0.06    -0.06
   1.0  0.140  1.00     1.48       1.39      1.79 |     -0.09    +0.31
   2.0  0.200  1.00     1.68       1.10      1.81 |     -0.58    +0.13
   3.0  0.240  1.00     1.99       1.07      1.78 |     -0.92    -0.21
   4.0  0.220  1.00     1.72       0.95      1.75 |     -0.77    +0.02
   5.0  0.160  1.01     1.61       0.86      1.79 |     -0.76    +0.18
   6.0  0.160  1.00     1.69       0.92      1.79 |     -0.76    +0.10
   7.0  0.160  1.01     1.75       0.93      1.76 |     -0.82    +0.01
   8.0  0.160  1.00     1.77       1.00      1.80 |     -0.77    +0.03
   9.0  0.160  1.00     1.75       1.00      1.76 |     -0.75    +0.01
  10.0  0.160  1.01     1.89       0.78      1.76 |     -1.11    -0.13
   corr(gyro_tilt-acc_tilt, t)      = -0.61   corr(..., 油门) = -0.29
   corr(ekf_tilt -acc_tilt, t)      = +0.02   corr(..., 油门) = -0.04
   末值: acc 1.8°  gyro 0.8°  ekf 1.8°
====================================================================================================
session 3 解锁段 56.5~82.2s
   t    油门  |a|   acc_tilt  gyro_tilt  ekf_tilt |  gyro-acc   ekf-acc
   0.0  0.140  1.00     3.64       0.93      0.93 |     -2.71    -2.71
   1.0  0.140  1.02     2.71       1.52      1.49 |     -1.19    -1.22
   2.0  0.140  1.06     4.43       1.80      1.48 |     -2.63    -2.94
   3.0  0.140  1.03     1.22       1.91      1.35 |     +0.69    +0.14
   4.0  0.160  1.05     6.28       2.33      0.87 |     -3.94    -5.41
   5.0  0.180  1.09     8.03       2.21      1.44 |     -5.82    -6.59
   6.0  0.180  0.99    10.48       2.00      1.25 |     -8.48    -9.23
   7.0  0.180  1.20     9.53       1.56      1.28 |     -7.98    -8.26
   8.0  0.200  1.17     9.78       3.92      1.74 |     -5.86    -8.04
   9.0  0.220  1.00     8.15       3.17      0.98 |     -4.98    -7.16
  10.0  0.220  1.00     5.56       3.60      1.30 |     -1.96    -4.26
  11.0  0.240  0.79    16.10       4.26      2.39 |    -11.84   -13.71
  12.0  0.240  1.03    11.71       6.08      9.32 |     -5.63    -2.39
  13.0  0.240  1.12     7.32       6.29     10.58 |     -1.02    +3.26
  14.0  0.260  1.35    12.19       7.04     10.39 |     -5.15    -1.80
  15.0  0.300  0.81    13.78       5.74      6.58 |     -8.04    -7.20
  16.0  0.320  0.84    30.57       5.55      8.74 |    -25.02   -21.83
  17.0  0.320  0.89    11.54       9.07      9.77 |     -2.48    -1.78
  18.0  0.280  1.39    16.64       2.05      4.74 |    -14.59   -11.90
  19.0  0.240  1.25     7.80       9.13      8.75 |     +1.32    +0.95
  20.0  0.260  0.88    38.03       9.78      5.90 |    -28.24   -32.13
  21.0  0.300  0.84     7.81       8.29      8.20 |     +0.48    +0.38
  22.0  0.300  0.92     9.63       6.35      7.23 |     -3.29    -2.40
  23.0  0.120  1.00     1.01      12.41      1.17 |    +11.40    +0.16
  24.0  0.120  1.03     3.99      12.78      1.18 |     +8.79    -2.81
  25.0  0.120  1.02     3.97      12.94      1.18 |     +8.97    -2.80
   corr(gyro_tilt-acc_tilt, t)      = +0.17   corr(..., 油门) = -0.50
   corr(ekf_tilt -acc_tilt, t)      = -0.09   corr(..., 油门) = -0.30
   末值: acc 2.5°  gyro 12.9°  ekf 1.2°
====================================================================================================
session 4 解锁段 29.3~43.3s
   t    油门  |a|   acc_tilt  gyro_tilt  ekf_tilt |  gyro-acc   ekf-acc
   0.0  0.140  1.10     4.11       0.27      0.27 |     -3.84    -3.84
   1.0  0.140  1.03     3.01       3.22      0.80 |     +0.21    -2.21
   2.0  0.140  0.95     4.46       2.77      0.77 |     -1.70    -3.69
   3.0  0.140  1.02     1.97       2.12      0.63 |     +0.15    -1.34
   4.0  0.160  1.02     1.25       2.50      0.59 |     +1.26    -0.66
   5.0  0.160  0.95     2.19       3.51      1.16 |     +1.32    -1.03
   6.0  0.180  1.07     6.20       3.84      0.76 |     -2.36    -5.43
   7.0  0.180  1.01     7.85       4.34      0.85 |     -3.51    -7.00
   8.0  0.200  1.00     5.59       5.12      2.12 |     -0.47    -3.47
   9.0  0.200  0.83    16.24       6.04      2.44 |    -10.20   -13.80
  10.0  0.200  0.83     9.34       7.71      1.41 |     -1.63    -7.93
  11.0  0.200  1.02     1.56      11.65      1.36 |    +10.09    -0.20
  12.0  0.200  1.03     8.24      17.67      1.94 |     +9.43    -6.30
  13.0  0.200  0.87    10.49      14.43      1.98 |     +3.94    -8.51
   corr(gyro_tilt-acc_tilt, t)      = +0.46   corr(..., 油门) = +0.28
   corr(ekf_tilt -acc_tilt, t)      = -0.34   corr(..., 油门) = -0.38
   末值: acc 19.6°  gyro 16.2°  ekf 2.4°
====================================================================================================
session 5 解锁段 38.8~82.6s
   t    油门  |a|   acc_tilt  gyro_tilt  ekf_tilt |  gyro-acc   ekf-acc
   0.0  0.160  0.96    11.90       3.22      3.22 |     -8.68    -8.68
   1.0  0.160  0.98     5.54       3.44      0.88 |     -2.10    -4.67
   2.0  0.160  1.01     5.85       4.41      0.87 |     -1.44    -4.98
   3.0  0.160  0.96     0.59       4.69      1.16 |     +4.10    +0.56
   4.0  0.160  0.98     4.40       4.33      0.60 |     -0.07    -3.80
   5.0  0.160  1.03     2.64       7.08      0.85 |     +4.44    -1.78
   6.0  0.160  1.08     7.12       6.51      0.87 |     -0.62    -6.25
   7.0  0.180  0.91    11.85       6.64      0.67 |     -5.21   -11.17
   8.0  0.180  1.09     6.46       5.94      1.17 |     -0.53    -5.30
   9.0  0.180  0.94    16.73       5.88      1.19 |    -10.86   -15.54
  10.0  0.200  1.10    10.66       5.57      1.37 |     -5.09    -9.29
  11.0  0.220  0.93    11.56       6.21      1.24 |     -5.35   -10.32
  12.0  0.220  0.86     2.95       4.98      2.37 |     +2.03    -0.59
  13.0  0.220  0.91    14.24       6.93      2.61 |     -7.30   -11.63
  14.0  0.240  1.20    11.29       7.99      3.24 |     -3.30    -8.04
  15.0  0.240  1.15     9.70       3.25      7.86 |     -6.45    -1.84
  16.0  0.280  1.33    11.41       4.80      7.00 |     -6.62    -4.42
  17.0  0.300  0.77    19.40       4.62      5.55 |    -14.78   -13.85
  18.0  0.320  0.88     4.44       4.67      5.08 |     +0.23    +0.64
  19.0  0.320  1.01    13.91      13.16      8.29 |     -0.75    -5.62
  20.0  0.320  0.90    10.51      14.37     10.18 |     +3.86    -0.32
  21.0  0.320  0.96    29.56      14.19      8.36 |    -15.37   -21.20
  22.0  0.300  1.33    17.20      16.78     13.25 |     -0.42    -3.95
  23.0  0.280  1.26     7.81       4.54      5.24 |     -3.27    -2.56
  24.0  0.280  1.00     4.19       3.90      6.51 |     -0.28    +2.32
  25.0  0.260  0.76    33.63       4.59      6.38 |    -29.03   -27.25
  26.0  0.220  0.87    17.47       5.10      9.61 |    -12.37    -7.86
  27.0  0.220  1.03     7.48       5.06      7.86 |     -2.43    +0.38
  28.0  0.240  1.11     7.61       4.41      7.84 |     -3.19    +0.23
  29.0  0.260  0.85    13.74       8.23      6.25 |     -5.51    -7.49
  30.0  0.280  0.92    15.24       9.85      4.62 |     -5.39   -10.61
  31.0  0.300  1.47    18.98      12.67      4.43 |     -6.32   -14.55
  32.0  0.300  1.47    18.01      11.74      2.96 |     -6.26   -15.05
  33.0  0.300  1.19    12.81      11.55      5.04 |     -1.26    -7.77
  34.0  0.300  0.86     7.73      10.14      4.07 |     +2.40    -3.67
  35.0  0.320  0.83    51.66      20.77     10.89 |    -30.89   -40.77
  36.0  0.320  0.87    29.34      25.74     16.33 |     -3.59   -13.01
  37.0  0.280  1.02     1.89      16.88      6.10 |    +15.00    +4.21
  38.0  0.240  1.03     0.89      16.31      7.99 |    +15.42    +7.10
  39.0  0.220  1.07     3.48      15.68      3.60 |    +12.20    +0.12
  40.0  0.220  1.19     9.05      15.59      1.90 |     +6.55    -7.14
  41.0  0.220  0.86     9.82      15.04      1.40 |     +5.22    -8.42
  42.0  0.220  1.06     7.25      14.94      2.70 |     +7.69    -4.56
  43.0  0.220  1.20     9.97      14.51      2.07 |     +4.55    -7.90
   corr(gyro_tilt-acc_tilt, t)      = +0.13   corr(..., 油门) = -0.19
   corr(ekf_tilt -acc_tilt, t)      = -0.14   corr(..., 油门) = -0.19
   末值: acc 14.6°  gyro 13.9°  ekf 2.3°
