============================================================================================================
session 2 解锁段 32.5~42.6s (锚点陀螺零偏 +0.00/+0.00/-1.28 °/s)
  t     油门   pitch: 陀螺积分  EKF   加速度计 |  roll: 陀螺积分  EKF   加速度计 | EKF-真实(pitch/roll)  ACC-真实(pitch/roll)
   32.5 0.120       0.00    0.00    -0.22 |    -1.76   -1.76    -1.81 |    +0.00/   +0.00     -0.22/   -0.05
   33.5 0.140       0.03   -0.10    -0.25 |    -1.39   -1.78    -1.46 |    -0.13/   -0.40     -0.28/   -0.07
   34.5 0.200       0.14   -0.10    -0.14 |    -1.09   -1.80    -1.67 |    -0.24/   -0.71     -0.28/   -0.58
   35.5 0.240       0.12   -0.05    -0.05 |    -1.07   -1.78    -1.99 |    -0.16/   -0.71     -0.17/   -0.92
   36.5 0.220       0.33   -0.10    -0.22 |    -0.89   -1.74    -1.71 |    -0.43/   -0.85     -0.55/   -0.81
   37.5 0.160       0.20   -0.06    -0.17 |    -0.83   -1.79    -1.61 |    -0.26/   -0.96     -0.36/   -0.77
   38.5 0.160       0.06   -0.12    -0.14 |    -0.92   -1.79    -1.68 |    -0.18/   -0.87     -0.20/   -0.76
   39.5 0.160       0.21   -0.11     0.01 |    -0.91   -1.76    -1.75 |    -0.33/   -0.85     -0.20/   -0.85
   40.5 0.160       0.30   -0.09     0.03 |    -0.95   -1.80    -1.77 |    -0.38/   -0.84     -0.26/   -0.82
   41.5 0.160       0.68   -0.08     0.06 |    -0.73   -1.76    -1.75 |    -0.76/   -1.03     -0.62/   -1.01
   42.5 0.160       0.56   -0.09    -0.21 |    -0.54   -1.76    -1.88 |    -0.65/   -1.23     -0.77/   -1.34

============================================================================================================
session 3 解锁段 56.5~82.2s (锚点陀螺零偏 +0.12/+0.12/-1.34 °/s)
  t     油门   pitch: 陀螺积分  EKF   加速度计 |  roll: 陀螺积分  EKF   加速度计 | EKF-真实(pitch/roll)  ACC-真实(pitch/roll)
   56.5 0.140       0.89    0.89    -3.64 |    -0.26   -0.26     0.08 |    +0.00/   +0.00     -4.52/   +0.34
   57.5 0.140       1.51    0.52    -0.73 |    -0.11   -1.39    -2.61 |    -0.99/   -1.28     -2.24/   -2.50
   58.5 0.140       0.60    0.54    -4.42 |    -1.70   -1.38    -0.13 |    -0.06/   +0.32     -5.02/   +1.57
   59.5 0.140       0.27    0.35    -0.59 |    -1.89   -1.31    -1.06 |    +0.08/   +0.58     -0.86/   +0.83
   60.5 0.160       1.05    0.13     5.71 |    -2.08   -0.86    -2.61 |    -0.93/   +1.22     +4.66/   -0.53
   61.5 0.180       2.12    0.46     6.99 |    -0.62   -1.36    -3.97 |    -1.66/   -0.74     +4.87/   -3.35
   62.5 0.180       1.87   -0.50     9.20 |    -0.71   -1.14    -5.05 |    -2.37/   -0.43     +7.33/   -4.33
   63.5 0.180       0.29   -0.25     8.75 |    -1.53   -1.25    -3.79 |    -0.54/   +0.28     +8.46/   -2.27
   64.5 0.200      -2.07   -1.19     8.42 |    -3.33   -1.28     5.00 |    +0.88/   +2.06    +10.50/   +8.33
   65.5 0.220      -1.97   -0.07    -1.38 |    -2.48   -0.98    -8.03 |    +1.90/   +1.50     +0.60/   -5.55
   66.5 0.220      -2.80   -0.37    -1.59 |    -2.26   -1.25    -5.33 |    +2.43/   +1.02     +1.21/   -3.06
   67.5 0.240      -3.50   -1.49    -9.44 |    -2.44   -1.87   -13.10 |    +2.01/   +0.57     -5.94/  -10.67
   68.5 0.240      -5.41   -2.58    -9.90 |    -2.78   -8.96    -6.27 |    +2.83/   -6.17     -4.50/   -3.49
   69.5 0.240      -6.01   -3.56     5.25 |    -1.85   -9.97     5.11 |    +2.46/   -8.12    +11.26/   +6.96
   70.5 0.260      -5.67   -1.08    -1.97 |    -4.17  -10.34    12.03 |    +4.59/   -6.17     +3.71/  +16.20
   71.5 0.300      -5.00   -0.46     5.24 |    -2.82   -6.56   -12.76 |    +4.54/   -3.75    +10.24/   -9.94
   72.5 0.320       5.49    7.47    -1.67 |    -0.80   -4.54   -30.53 |    +1.98/   -3.75     -7.16/  -29.73
   73.5 0.320       9.05    8.87    10.14 |    -0.64   -4.11    -5.55 |    -0.18/   -3.47     +1.09/   -4.91
   74.5 0.280      -2.05    0.06     4.12 |     0.05   -4.74    16.14 |    +2.11/   -4.80     +6.17/  +16.08
   75.5 0.240      -9.12   -2.77     2.00 |     0.22   -8.30     7.55 |    +6.35/   -8.53    +11.12/   +7.32
   76.5 0.260      -9.77   -1.50   -12.63 |    -0.46   -5.71   -36.17 |    +8.27/   -5.25     -2.85/  -35.71
   77.5 0.300      -4.80    3.54     2.25 |     6.77   -7.40    -7.49 |    +8.33/  -14.17     +7.04/  -14.26
   78.5 0.300      -3.04    3.73     9.30 |     5.57   -6.20    -2.53 |    +6.76/  -11.78    +12.34/   -8.10
   79.5 0.120     -11.76    0.24     0.29 |     4.00   -1.14    -0.97 |   +12.00/   -5.14    +12.05/   -4.96
   80.5 0.120     -12.24    0.56    -3.99 |     3.69   -1.03    -0.14 |   +12.80/   -4.72     +8.26/   -3.83
   81.5 0.120     -12.55    0.63     3.85 |     3.18   -0.99     0.97 |   +13.19/   -4.18    +16.40/   -2.21

============================================================================================================
session 4 解锁段 29.3~43.3s (锚点陀螺零偏 +0.00/+0.12/-1.22 °/s)
  t     油门   pitch: 陀螺积分  EKF   加速度计 |  roll: 陀螺积分  EKF   加速度计 | EKF-真实(pitch/roll)  ACC-真实(pitch/roll)
   29.3 0.140       0.05    0.05     2.70 |     0.27    0.27     3.10 |    +0.00/   +0.00     +2.65/   +2.83
   30.3 0.140      -3.15   -0.14    -1.62 |     0.65   -0.79     2.53 |    +3.02/   -1.44     +1.53/   +1.88
   31.3 0.140      -2.73   -0.46     1.95 |     0.43   -0.62    -4.01 |    +2.27/   -1.06     +4.68/   -4.45
   32.3 0.140      -2.05   -0.48    -1.83 |     0.56   -0.41     0.72 |    +1.56/   -0.97     +0.21/   +0.17
   33.3 0.160      -1.56   -0.20     1.17 |     1.96   -0.56     0.44 |    +1.36/   -2.51     +2.73/   -1.52
   34.3 0.160       1.77   -0.24    -2.07 |     3.03   -1.14    -0.70 |    -2.01/   -4.16     -3.84/   -3.73
   35.3 0.180       2.04   -0.69    -6.11 |     3.25   -0.31     1.04 |    -2.73/   -3.56     -8.15/   -2.21
   36.3 0.180       2.35   -0.84    -7.13 |     3.65   -0.11     3.29 |    -3.19/   -3.76     -9.47/   -0.35
   37.3 0.200       2.62   -1.95    -5.16 |     4.40   -0.84     2.14 |    -4.57/   -5.23     -7.78/   -2.26
   38.3 0.200       3.37   -2.42   -15.47 |     5.01   -0.30    -4.99 |    -5.78/   -5.32    -18.84/  -10.00
   39.3 0.200       3.87   -1.38    -4.25 |     6.68   -0.29     8.33 |    -5.25/   -6.97     -8.12/   +1.65
   40.3 0.200       5.62   -1.35    -0.75 |    10.22   -0.16     1.36 |    -6.97/  -10.38     -6.38/   -8.86
   41.3 0.200      10.29   -1.93    -7.54 |    14.44   -0.19     3.33 |   -12.23/  -14.63    -17.84/  -11.11
   42.3 0.200       7.06   -1.90   -10.42 |    12.62   -0.55     1.27 |    -8.96/  -13.17    -17.48/  -11.35

============================================================================================================
session 5 解锁段 38.8~82.6s (锚点陀螺零偏 -0.12/+0.12/-1.10 °/s)
  t     油门   pitch: 陀螺积分  EKF   加速度计 |  roll: 陀螺积分  EKF   加速度计 | EKF-真实(pitch/roll)  ACC-真实(pitch/roll)
   38.8 0.160       0.94    0.94    11.80 |    -3.08   -3.08     1.50 |    +0.00/   +0.00    +10.87/   +4.58
   39.8 0.160       0.08   -0.37     0.88 |    -3.44   -0.79    -5.47 |    -0.45/   +2.65     +0.80/   -2.03
   40.8 0.160       0.26   -0.22     4.87 |    -4.40   -0.84    -3.24 |    -0.49/   +3.55     +4.61/   +1.16
   41.8 0.160      -0.76   -0.18     0.54 |    -4.63   -1.14    -0.25 |    +0.57/   +3.49     +1.29/   +4.38
   42.8 0.160      -0.67   -0.41     0.12 |    -4.28   -0.44    -4.40 |    +0.27/   +3.84     +0.79/   -0.12
   43.8 0.160      -0.75   -0.72    -2.10 |    -7.04   -0.46     1.59 |    +0.04/   +6.58     -1.35/   +8.63
   44.8 0.160      -1.38    0.08    -3.44 |    -6.36   -0.87     6.24 |    +1.47/   +5.49     -2.06/  +12.60
   45.8 0.180      -2.05   -0.39   -11.32 |    -6.32   -0.55     3.51 |    +1.66/   +5.76     -9.28/   +9.83
   46.8 0.180      -1.65   -0.95    -6.26 |    -5.70   -0.68     1.60 |    +0.70/   +5.02     -4.61/   +7.30
   47.8 0.180      -1.84   -1.03   -16.44 |    -5.58   -0.60    -3.14 |    +0.81/   +4.98    -14.61/   +2.44
   48.8 0.200      -2.64   -1.36    10.47 |    -4.91   -0.19     1.98 |    +1.29/   +4.72    +13.12/   +6.89
   49.8 0.220      -2.61   -1.16   -11.40 |    -5.64   -0.45     1.90 |    +1.45/   +5.19     -8.79/   +7.53
   50.8 0.220      -2.94   -2.11     0.02 |    -4.02   -1.07    -2.95 |    +0.83/   +2.95     +2.96/   +1.07
   51.8 0.220      -4.81   -2.20   -14.05 |    -5.00   -1.40    -2.32 |    +2.61/   +3.60     -9.24/   +2.68
   52.8 0.240      -7.39   -2.77     1.35 |    -3.04   -1.69    11.21 |    +4.62/   +1.35     +8.74/  +14.25
   53.8 0.240      -2.36   -2.79    -8.11 |    -2.24   -7.35     5.34 |    -0.43/   -5.12     -5.75/   +7.58
   54.8 0.280      -1.15   -1.09    -3.87 |    -4.66   -6.91    10.75 |    +0.06/   -2.26     -2.72/  +15.40
   55.8 0.300      -0.02    0.11     3.42 |    -4.62   -5.55   -19.11 |    +0.13/   -0.93     +3.44/  -14.49
   56.8 0.320       0.76    2.06    -1.61 |    -4.61   -4.64    -4.13 |    +1.30/   -0.04     -2.37/   +0.47
   57.8 0.320      12.32    7.55    13.37 |    -4.69   -3.43    -3.88 |    -4.77/   +1.26     +1.05/   +0.81
   58.8 0.320      13.59    8.32    10.50 |    -4.72   -5.89    -0.37 |    -5.27/   -1.18     -3.09/   +4.35
   59.8 0.320      13.44    6.63    11.73 |    -4.59   -5.11   -27.33 |    -6.81/   -0.52     -1.71/  -22.74
   60.8 0.300      15.47    8.96     9.60 |    -6.60   -9.81    14.35 |    -6.51/   -3.21     -5.87/  +20.94
   61.8 0.280      -0.51   -1.34    -2.55 |    -4.51   -5.07     7.38 |    -0.83/   -0.56     -2.04/  +11.90
   62.8 0.280       2.15   -1.87     2.77 |    -3.26   -6.24    -3.14 |    -4.02/   -2.98     +0.62/   +0.12
   63.8 0.260       3.34   -1.46    -6.95 |    -3.15   -6.21   -32.98 |    -4.80/   -3.06    -10.29/  -29.83
   64.8 0.220       4.14   -4.10    -3.94 |    -2.97   -8.70   -17.04 |    -8.24/   -5.72     -8.08/  -14.06
   65.8 0.220       4.65   -2.80     1.79 |    -2.00   -7.35     7.27 |    -7.45/   -5.35     -2.86/   +9.26
   66.8 0.240       3.89   -2.73    -2.67 |    -2.09   -7.35     7.13 |    -6.61/   -5.26     -6.56/   +9.22
   67.8 0.260       5.16   -1.68    -6.87 |    -6.42   -6.02   -11.92 |    -6.84/   +0.41    -12.03/   -5.50
   68.8 0.280       6.58   -1.05   -12.62 |    -7.34   -4.50    -8.61 |    -7.63/   +2.84    -19.20/   -1.27
   69.8 0.300       9.69    1.49     3.13 |    -8.19   -4.17    18.73 |    -8.20/   +4.02     -6.56/  +26.93
   70.8 0.300       8.34    1.70     4.36 |    -8.29   -2.42    17.49 |    -6.65/   +5.87     -3.99/  +25.78
   71.8 0.300       8.33    2.41     6.96 |    -8.03   -4.43    10.78 |    -5.92/   +3.61     -1.37/  +18.82
   72.8 0.300       7.07    1.74    -2.67 |    -7.29   -3.68    -7.26 |    -5.33/   +3.61     -9.74/   +0.02
   73.8 0.320      19.40    9.49    11.28 |    -7.55   -5.37   -50.76 |    -9.91/   +2.18     -8.13/  -43.20
   74.8 0.320      23.21   11.74    12.37 |   -11.45  -11.43   -26.81 |   -11.47/   +0.03    -10.84/  -15.36
   75.8 0.280      14.69   -2.08    -0.70 |    -8.42   -5.74     1.75 |   -16.77/   +2.68    -15.39/  +10.17
   76.8 0.240      12.66   -3.88    -0.22 |   -10.36   -7.00     0.86 |   -16.54/   +3.37    -12.89/  +11.23
   77.8 0.220      12.18   -2.44    -2.47 |    -9.95   -2.65    -2.45 |   -14.62/   +7.30    -14.65/   +7.50
   78.8 0.220      12.45   -1.65     8.98 |    -9.46   -0.95    -1.08 |   -14.10/   +8.51     -3.47/   +8.38
   79.8 0.220      12.51   -1.16    -7.00 |    -8.41   -0.78    -6.90 |   -13.68/   +7.63    -19.52/   +1.51
   80.8 0.220      12.74   -2.30    -6.58 |    -7.87   -1.41     3.07 |   -15.04/   +6.47    -19.31/  +10.94
   81.8 0.220      12.39   -1.52     9.41 |    -7.62   -1.40     3.30 |   -13.92/   +6.22     -2.98/  +10.92

